-1871
980
-1995
1330
-1448
1652
846
-439
-1020
-267
-181
2043
846
1913
2
-1174
-1802
1108
-1548
1943
583
1917
-1435
-1161
837
439
1515
-407
918
663
1432
1835
-766
1280
1860
-951
1463
366
375
1418
1267
-1142
1874
533
-954
-904
1262
587
-999
1870
-1892
292
1486
295
-1683
1105
-1552
551
1951
1695
-836
278
-221
-1013
1996
1741
185
-1305
-1282
778
592
431
-1256
2037
697
-827
-1838
-513
-1683
-1131
1637
-704
1693
179
-423
1552
1086
1087
-1618
-483
1060
-1029
51
867
1019
-1892
-1737
690
-1197
959
-258
-1298
1079
1519
937
668
-1303
-2026
451
315
-804
-16
-267
-1624
-1076
740
868
-220
1278
1689
1054
-1418
-1696
731
-1300
96
-320
1055
542
1822
-312
-1474
1732
1062
1012
-1368
-114
1975
287
-1624
767
1956
-1044
-1519
851
1732
-345
-313
615
629
502
1439
-954
-1108
-1329
-258
666
-773
1290
410
-84
-1277
-182
1527
780
-1867
-1992
212
1726
1247
-1538
46
1782
638
-1007
-1492
790
-1767
-20
-1696
-1470
1735
-1765
-526
508
-1706
-759
1773
332
-87
777
851
1723
321
-1791
1597
-1089
1272
-749
1436
989
-885
-1806
1777
555
1620
1797
-1672
-1198
721
1549
-1753
1730
1799
-1151
533
-635
419
314
1933
217
1007
1769
-426
-138
-953
-1139
1426
-1164
-1202
-121
1480
-88
-1659
-1081
-1712
-338
-379
1616
-588
530
1895
-1859
-1655
-977
1487
-1810
-522
-1285
-794
171
1938
1642
-543
-922
-529
183
364
1412
-724
-1292
1898
-1799
322
-900
633
1564
1583
1949
175
-323
-865
495
-246
-937
-412
691
226
-1207
-1441
1498
258
-1989
-1273
-518
-618
-1990
1837
-1114
-876
-5
-1934
-840
512
-1354
-359
467
-653
-783
923
1197
73
-1059
-131
1399
-1505
-645
1931
499
1201
548
128
1157
1280
983
1728
1483
694
939
-913
1822
912
-1547
-1917
-1942
1058
-1677
-385
2000
848
527
549
1436
528
-1141
1684
701
1227
-902
1098
-896
-38
-452
-653
950
1152
-1513
1014
-1538
-9
-2031
198
-1208
-1604
1005
1965
1631
-1323
-1843
-180
687
850
-90
121
-580
-115
-1685
-841
1745
-1417
-1823
1752
-1194
1696
-786
1449
523
830
1941
937
-12
-362
-1479
-1130
-769
861
-1180
-771
-1243
-1406
1735
120
-435
1683
945
-299
-150
-1389
-1433
-1363
325
-1735
-784
2021
-1688
1660
961
-1913
-1150
147
-1384
562
487
476
1540
-1030
-1691
-1720
1597
-93
747
644
1874
1571
-1628
906
-1138
647
1942
194
-1998
-1332
-86
1386
-1756
-1514
-237
-1651
-1045
964
1266
-1293
-405
-1346
-1439
-1372
-1569
-933
346
-963
-408
-1391
-734
164
-63
-878
592
390
-152
-1669
-1724
-246
-827
-918
-1778
-730
-84
-645
-600
-1509
-578
1801
1949
873
1789
-1336
-75
-1332
558
1502
1280
-1917
-707
-29
2007
1168
587
-1115
18
-967
-567
-605
-1794
1311
-541
1889
-1663
-1097
-12
800
-1305
1565
-963
1885
-865
295
-937
1442
-115
-1852
1262
1012
-200
-1707
1809
-912
-1188
870
-1637
-1432
66
1829
1806
-1903
-1949
-1782
-1898
-108
-620
-725
541
135
-900
697
141
684
-1935
1265
1548
2040
-1441
770
-741
1995
285
-914
1718
-1217
1437
-1232
1076
645
349
310
-1802
1759
418
-1387
-851
-1951
-553
457
640
797
903
-66
1408
834
1644
-852
1749
-1210
-272
912
1589
-1062
-620
1411
-1806
-1782
1479
1628
16
977
-384
-2004
-1528
-1077
764
1755
-1980
-2003
-1446
407
-718
970
-2023
-1245
781
852
1106
1745
2044
-1709
1495
894
2000
1872
1207
458
2041
1982
1967
-172
1543
1984
-1309
-992
1324
1172
-1472
-1078
824
-1053
1576
-44
-1674
-1432
1194
1164
-1580
120
-580
1538
1251
-61
-771
-405
254
433
-150
-1169
1801
516
-164
986
1373
1257
-671
778
1316
-995
69
-1137
-1352
-1424
725
-389
1356
318
429
209
-361
-215
1951
1137
1668
909
786
1529
987
1593
-1336
-744
-563
-335
1151
-1873
-195
649
-1033
-956
6
-432
1151
40
-850
-1978
-1041
448
242
-1901
255
-659
1477
-445
-1056
1904
-267
1148
801
1378
267
1898
943
1385
995
1098
-508
-786
565
-1023
1851
1015
702
-1100
-1940
-285
852
-1320
639
922
-1449
-1513
-1683
1030
-263
-1399
1198
751
1241
171
-2
1253
827
654
576
-1398
-914
-875
-645
-598
1474
1103
1517
1715
-875
-803
-1261
-1068
171
-993
-1892
1846
-1889
-909
559
-521
107
542
-2003
-777
-263
-2034
-53
-688
-1376
811
1368
-624
381
2044
-1365
-1698
1478
-1629
101
1246
-1371
1526
1171
-675
-1539
-488
-821
-896
1960
1729
-390
1977
644
-2031
973
297
-87
-28
1918
-1162
-1934
1682
-490
-490
-97
299
-249
878
-500
-1855
-995
1596
867
-1469
413
-85
849
-444
1436
921
913
1046
-1818
1151
-1197
1991
2030
1098
92
1607
1629
955
-1418
-170
-1195
-593
339
120
308
1968
1471
152
1833
-660
543
-112
-277
-1991
-1271
-1755
-735
104
1061
1777
-258
415
-1528
-1894
842
1973
-738
1448
380
1426
1652
-1846
1329
874
-1382
-142
136
-541
-1280
1471
969
-1178
638
452
1221
-1718
1337
-574
-926
-503
-1940
-820
-831
-1505
641
309
-392
-793
10
-1979
-192
-267
1476
-1401
-1907
-169
1119
-936
135
-724
-439
1514
979
768
-1028
1626
652
1389
1871
295
1772
594
544
396
-2022
-1493
-1849
-1224
1902
-1810
-801
-1106
727
-24
191
-1044
637
-519
-2027
-609
1122
-93
-507
-1163
1088
-911
-660
-29
-1492
773
888
484
1614
349
316
788
-925
670
-895
1688
-757
2041
-920
1099
1995
-513
-1465
1942
-1049
-1069
-1257
1390
-1407
1480
515
217
-1877
-1853
-1925
378
-1124
-73
1065
-1138
1429
247
-146
1206
1512
-891
1155
-707
-1407
219
-2032
220
-657
2006
-1212
-270
1246
-1820
-1470
1317
2031
-1523
1788
1084
1732
1373
-724
600
105
1011
1952
-1482
-820
-975
-1126
696
-664
-882
-1457
1634
745
-1927
1362
-531
607
-1890
-472
-607
70
-985
1381
210
1015
1091
-1517
-1308
492
-116
1371
325
1838
1662
-1179
-519
-899
1740
1372
1490
902
1687
1408
-1482
-832
1359
333
-1695
22
-1148
-1425
-750
-201
1807
-1327
696
905
-713
1096
1204
1686
2025
61
-2017
-232
-28
1982
-395
-1738
211
-1904
1715
-923
303
1896
1340
-681
773
-979
1514
1617
-178
22
2034
-884
-1770
701
-304
1222
530
1552
-63
1499
1526
-546
-173
861
-519
-1205
-436
1789
-1531
-1861
381
-1270
-1781
1656
-1046
1127
1490
1205
-357
1701
-1591
810
-581
-1951
800
-1300
1600
-1404
2036
704
-1098
242
-1139
-1379
357
1738
1887
1630
-349
1253
1366
-858
-1723
-784
1160
-1587
-498
1929
-497
970
-1460
-10
-1204
1851
1565
909
-1250
517
-1296
1982
-153
-999
-664
1200
-1955
-1353
-398
-198
-245
1699
674
-1929
-887
-1587
-1136
1407
1850
1186
-1440
-586
-1110
2015
-210
-1551
571
-1309
1176
-1228
-144
823
745
-1233
2008
-579
591
1294
-648
1467
-96
274
1967
644
761
-1735
901
-29
988
-1641
1368
488
502
-1345
433
132
1608
152
-372
828
-1044
1062
-1415
416
-1031
-1360
813
-1859
1033
-1884
201
537
-1359
-1326
1880
1205
344
-968
-1020
1109
-227
-1286
1863
-78
-1066
-1315
-1580
-1569
-265
-64
1331
1908
405
1669
1555
984
-235
-298
-1744
-243
-1065
1057
155
143
1397
123
-1319
1970
-1036
-130
-1815
-565
-205
995
-742
-1355
-1957
-475
1998
-2005
609
-377
960
-965
351
-1750
-227
-143
1004
-415
-1261
-243
1557
1505
1806
1975
-1702
1835
-1718
319
257
1428
474
-102
-392
637
521
-1579
1225
1035
-755
829
1802
-1314
962
-189
211
-726
-1818
1133
1121
-1597
1786
-255
1490
346
-603
-122
1745
139
1940
-536
576
262
1724
1366
820
1120
1
-1637
-305
1769
-1020
519
1097
1284
-421
718
703
-1693
188
-1837
10
1689
-1158
-1897
-1993
-1376
181
-832
-1806
1617
-1035
-899
-1935
-35
814
-432
811
532
788
1972
2036
1907
-1073
1546
1474
-1264
-77
-1752
-1354
1512
368
1040
-81
-1222
-1275
1120
-2033
484
761
-888
-1832
1479
357
-1636
1745
1822
519
-1786
1805
-1390
-763
-381
-1745
-1984
-1118
1766
-267
1112
-1405
22
136
1946
1733
-1378
-1843
-1504
-124
1375
333
-254
258
-42
313
-1210
-1225
-1243
-336
-423
222
-334
-508
-322
-1860
126
1611
-1730
1612
-561
-338
-746
-1139
-905
978
-1136
258
-1702
273
-645
-566
1142
1162
-790
1213
1786
482
-590
-1920
-1084
721
-1264
897
-312
293
-781
-559
979
393
836
1468
269
656
448
-737
1442
-140
669
-1947
293
484
683
-1773
-1038
-1407
1328
-1800
-736
815
-1532
1954
1641
-1270
-946
1919
-1422
1794
-905
1031
-558
-256
906
1657
-118
-1385
-1363
-1388
260
-758
-801
163
599
-1056
1473
1669
769
1929
-1138
-813
962
-1644
-318
-1578
467
1958
1560
1953
16
1820
-1790
1743
-400
-1999
1826
-1241
-963
-887
1909
976
-631
-1926
1321
-901
-1986
-1461
-770
187
-1720
-213
-1711
1872
-451
-1776
1923
1676
-1023
1283
-770
-147
1726
-660
-455
-1849
-1073
-131
1663
1
-1604
1925
-1393
200
-222
872
-870
280
1178
1701
1096
-1228
577
1926
-1808
-1325
-707
-1858
-1932
-234
1464
-264
382
-354
-1584
-553
819
1835
-588
939
246
-409
1455
1921
1200
1271
-1455
-1847
1536
-1618
-1231
-983
-1847
1495
223
-792
379
-1907
-1461
1608
-1598
513
-496
1118
-1114
-846
1095
1977
1528
-648
-1776
873
-1989
75
1117
-1852
110
744
-104
68
378
-1310
-720
-1226
1091
130
752
1336
554
1042
833
-1674
822
-337
-546
-1376
1656
-927
-916
-1686
1790
-1849
-1160
197
-1059
963
-990
-1183
-603
-79
1796
465
2011
1624
1221
-790
-1857
-391
-845
907
-561
1752
1500
1938
1960
-1846
832
281
-1151
-227
-206
934
1194
-1183
1706
1198
1231
-385
234
1737
-768
1644
-1106
-1752
1595
-455
153
1681
-1052
-1560
1092
-1131
1624
938
-1237
1802
126
-1081
-730
1209
-446
-1896
-1076
-721
1745
59
-1006
637
232
322
-58
-702
-1153
-1074
1834
-1727
-1677
-1893
-186
-716
655
1897
-716
1320
-1952
-1488
781
728
-1746
-406
1720
875
1985
567
-224
1575
-1477
-389
-1991
-1172
-422
-1159
-1451
-164
-530
392
-731
-39
-1644
790
-1313
-1789
-941
-1653
1007
-56
1678
-1431
-57
-501
-1352
1598
756
-95
522
-343
-176
-1095
-1000
-790
-428
531
1840
-351
589
-128
-917
-1564
1730
-1800
1396
1603
1132
-1815
-281
1079
-1707
1548
1341
-1991
360
1858
1842
-1244
-2024
970
926
-695
1841
-1168
1422
1407
961
-517
-794
471
1286
1388
-542
-1236
-451
606
-465
-1741
-135
1538
441
83
-478
319
1500
-296
355
-964
1349
-1349
-1239
1507
-1274
-584
470
1748
1846
-1818
-1142
-253
964
1366
1766
434
910
829
-1460
-229
660
1257
-645
1828
-1687
-217
-384
-828
635
1117
-515
-710
-1115
-1034
-1161
-1303
-1469
846
1539
1765
1169
486
469
245
-381
1523
-271
308
1151
-1276
-1614
-1287
-1347
2038
-1689
1106
829
-535
-638
-1627
-1713
-704
1485
158
-878
656
-487
-1449
602
-1883
442
-110
-107
-1789
1915
-254
-1617
158
570
170
-1775
-1556
-326
-503
890
-1572
805
-1465
183
-1733
158
526
-2013
-56
846
1627
352
663
-1680
432
-298
775
1453
824
1057
2013
-644
1842
1847
1505
-137
33
1641
-1672
-1351
33
-1562
-362
-1251
-533
768
167
-1222
-808
2024
1953
-1972
-1161
1526
987
157
2046
309
1543
207
1586
910
-816
115
-510
-1548
-663
-1426
1655
-1523
-1872
-1657
-931
1741
-1503
-604
-32
1651
-1490
-1513
242
-1993
-1705
-1689
-631
1094
1407
-236
333
-895
1772
-1083
586
29
-427
1075
450
269
-1676
1916
1249
1340
-85
-763
1170
-1459
1010
-370
-5
-482
1453
-279
-1796
-1354
1474
-1635
-450
-43
366
1030
553
184
60
1127
-1473
-1917
-360
-208
-460
920
-1436
1822
-1434
-1890
779
-1888
1256
1841
-1407
1187
195
-201
123
-1082
1707
-326
-600
1471
1750
304
-31
-521
804
1634
1332
-1708
-706
861
-271
1536
-15
-1020
562
355
1884
-109
1919
-826
1857
-364
1715
1319
-1289
-852
-1836
-337
1640
-847
1306
-1
-1109
384
-1319
1572
1109
-1532
1361
1360
-1423
-1339
864
1771
2046
925
2041
367
247
-1061
1344
624
1731
-1210
-132
-172
256
661
346
-758
693
426
1810
-1189
-96
1523
420
-990
215
1946
-49
-1303
1133
1974
1559
1371
-185
-489
-1172
259
1206
253
-1131
1699
860
-679
-709
2006
647
448
1192
-218
1978
-1319
-1821
1836
1968
-1199
-924
319
580
1583
1817
-43
1220
-597
-1295
1379
-1520
1275
-1963
1012
-1037
-41
1095
1510
1338
1439
-685
1115
-31
-1241
-1857
-1094
1732
261
-589
-1363
-398
355
-136
1051
1089
835
1126
-1908
-138
1532
748
1853
-1143
831
-1504
947
-173
527
1851
1992
81
305
1438
1792
-616
-1169
641
867
-1595
1058
-1523
95
1920
1681
-232
-995
2032
-423
-1248
951
1650
-1148
-62
716
-1723
173
-173
-1336
-1451
1440
-551
-1435
2005
1243
2043
-1567
2024
1649
-1711
-981
1738
1725
1874
425
794
843
702
1259
1916
1136
-919
1470
-728
1530
1866
792
-329
-651
-751
73
-311
-1961
1678
-552
454
-1866
1468
-1399
1608
701
-1430
-771
914
-1656
1863
580
391
1426
-1863
-1536
-1644
-1136
-1369
1083
-1041
1432
1809
470
187
-605
660
883
-1960
837
-1948
-54
-1440
906
818
1408
-291
1287
-898
-1746
-1801
1735
1924
-1084
1701
-903
-1637
527
1247
-458
-776
387
918
-387
1994
732
270
1188
-836
1809
-11
1624
1628
1771
1952
1649
-1239
459
-1538
-1093
805
-1028
1650
-525
1281
-1777
-662
922
-1082
-1372
922
1762
692
-2015
228
1076
215
-81
465
203
-1673
-757
-143
969
790
-394
-811
-1987
612
-930
1463
-1427
617
1036
1454
-238
-109
484
-1192
-338
1766
898
1785
-1122
1779
1618
15
1347
-1084
756
-1782
1727
-1192
472
1256
-1120
1073
418
-510
247
-1233
932
-1712
1381
571
-274
-529
1617
-669
1632
1034
1261
1912
-1468
-1348
-1693
1032
-1636
65
1688
1987
1023
1052
-748
-756
-2028
1619
1840
1501
1852
885
1399
-1852
777
-1864
-734
505
1169
1947
1921
-385
-1417
-846
-850
575
1468
-1892
-76
1789
-1495
1817
-234
-701
583
-1189
1966
1241
996
1271
1191
-425
-748
-700
716
733
-404
-2024
-1595
-1043
727
-57
-1647
75
360
-116
1737
1995
404
-1058
-1005
797
1635
1067
774
328
237
1391
864
-2006
1682
240
634
351
888
1725
-1592
-1737
-609
-178
1700
-1846
-1789
-1119
515
268
-1700
-144
-1481
2040
-1611
1223
1404
1387
-396
1148
-82
-1769
568
-1292
341
-266
-1542
-850
-1294
972
-1840
-1535
-1417
1788
2031
-662
-561
816
828
-1027
140
861
1731
-1208
-145
1392
1481
-983
2037
-2004
-82
1541
1718
-624
793
-1572
663
1882
-1012
112
-95
-258
1271
866
-85
1634
-87
-977
883
-1229
1563
214
-1416
441
-11
397
-1021
-1753
1235
1737
-2
1620
37
-1223
-1594
-312
1703
-1790
916
-1771
-1450
-558
1265
1111
1251
1288
-1418
1040
-635
916
381
-1595
-1508
-820
1579
499
-1901
980
-495
1494
-1901
-1791
1551
-220
-1499
-399
1506
1916
418
-1113
1942
-1807
-646
825
-613
212
1542
-1448
-604
685
-967
-695
770
1097
1819
-1892
1719
-1856
-738
-1470
1989
-1134
268
-1503
-1487
-1654
1960
1414
-238
154
1519
1258
1098
-929
1202
-151
1567
115
479
-1165
-1722
-421
1007
-2008
-56
22
-19
1705
1862
-729
-403
1799
-1307
-1237
-2026
-2043
-165
1972
-528
1348
-1090
1206
-479
-1190
-708
-789
341
1261
90
449
-1679
199
1577
51
1489
-1083
1986
1507
-579
1665
1699
-1004
-721
-1542
1077
-1593
-828
-1398
1805
-1387
-1815
1253
68
913
-1814
-935
-174
-1093
586
-589
-273
-1703
198
1668
351
467
1914
-1048
-355
1369
-1112
-1969
696
-1079
1384
1008
1817
1104
-263
1806
-819
1356
1719
410
-1418
1433
1191
-73
-934
1294
-107
-401
208
1369
-1416
31
1972
207
-385
-1014
1829
-1905
558
94
1039
-153
-1539
-1434
-1793
775
-1315
1019
400
193
833
519
-755
-150
-1306
-1240
1658
967
1485
-1489
-824
248
795
-1075
313
566
-1047
728
-280
1914
701
-1369
-1707
-1429
26
-1317
-801
-783
1117
-967
1880
-239
925
-1594
-1224
1346
-1075
1469
-1083
1244
424
1489
-793
2030
-804
1540
-837
1557
1978
-583
-1643
-1136
804
-451
716
1063
-1322
-402
-311
-1189
694
687
-857
-235
409
-801
1040
-358
-1611
-1162
411
-1307
-1169
-1134
-1515
-1528
-1312
-758
-1211
-1288
-907
1083
-878
800
-1761
221
-536
-1194
1677
-692
-167
-666
-1050
1490
2033
-28
1853
849
-471
-1655
1176
169
76
396
637
-398
1922
-366
-804
1113
-1114
346
645
-1104
-1419
1263
1481
-1431
170
-1663
1157
567
-196
-1158
48
789
828
1102
-1460
-874
760
-424
1440
1434
-384
293
-1835
-558
-453
2029
-1396
-1984
1513
-188
-1060
-1393
-384
941
306
-1954
1344
1682
1614
-503
-1362
-1331
1445
-1424
1921
1636
1971
780
-1424
762
-1382
-1551
-834
534
-385
-1824
-1907
1800
-207
317
1759
938
-168
-1014
-2007
370
1479
355
1394
-938
-1703
-1240
1271
222
926
473
-1983
-1296
-213
-105
1636
-364
371
46
239
99
-729
542
-612
-295
1300
1957
-1130
-1525
1107
900
1680
835
-1052
-1847
1576
-1559
610
272
1017
1787
-455
-1832
-271
1263
-364
-769
-471
-787
974
323
477
-210
908
743
-803
2013
269
1800
-811
-558
-476
26
1038
1170
1345
500
747
1863
-1778
2005
-1121
-576
471
-1049
1681
-1747
-625
-1144
-1548
507
622
0
687
-977
266
-281
-1644
935
-526
442
-1365
-527
1934
22
419
-1345
-1904
1020
-1692
-1838
842
-1121
-1697
137
-340
-2030
1824
412
-1808
1125
-399
-666
190
-875
-400
829
269
1943
1616
81
-2010
1106
2017
82
-421
1142
642
-1907
-806
-745
1237
694
230
32
-58
-1778
1064
-415
280
251
-443
-696
-1987
-520
82
-2021
899
463
1692
-47
122
-1024
-1776
-1744
1416
1372
-322
1136
1933
434
1302
1560
-1616
-884
1796
1066
494
706
-881
1889
-1803
1595
1874
-1081
1885
1324
-923
-2035
-204
-1419
2009
-201
-1086
-1948
673
-1042
-405
-1164
-278
235
-1317
-428
-1111
1537
242
1210
-1118
1307
-250
-395
-1951
1703
686
14
1432
-1802
-1322
-1362
1368
-1591
-1752
-1963
-1667
1473
-601
-455
-1320
-781
655
623
-1399
-2045
-1240
-391
-555
1394
968
1038
268
615
-574
1458
-1556
-439
-699
94
-565
1239
-1016
-56
-965
1551
-283
693
-1456
-188
-1793
202
1837
1253
709
-209
-454
-1917
1894
-613
1863
559
1784
298
370
279
2029
-416
195
604
-464
-44
851
-1558
-1455
763
-454
1163
-172
125
-324
1753
-1686
365
-1997
-1996
-1001
-252
789
1390
-1474
1564
-611
672
1640
1037
-1448
-185
1508
-476
1349
-895
-789
335
984
146
1655
882
51
-186
1592
-1112
-961
-1409
-295
768
1263
-1399
843
-1215
-1489
-1662
1399
1231
-1073
-1711
160
-1640
-2029
1954
-1519
-523
1047
-170
-401
1392
695
694
-453
1153
-1494
1576
1980
1228
1262
-392
-1777
-654
1664
599
112
-847
-2037
-1376
-611
-913
-572
-1936
580
1784
341
1264
-921
-619
-1628
-1535
183
-491
1153
-214
1981
297
706
649
-1050
1700
762
225
793
311
900
-934
-1456
-226
40
-662
1368
-1762
-1077
1359
411
-691
683
1414
1521
1809
-611
-1111
1598
462
-1402
-718
-738
-104
-1322
-1379
-1512
-1663
1062
-720
-289
-1321
-1115
-250
495
1226
129
-1870
-1776
1008
1557
-1044
-1524
-770
-1544
-303
-946
583
-385
1785
382
-141
-445
11
2014
1186
-1833
1271
1174
1737
1360
-91
138
1627
780
-483
-481
-1541
-763
-1797
-1457
1639
71
602
1943
-1705
494
201
-738
-1958
-754
1445
111
396
-776
-1434
-897
1872
1128
-995
1035
-881
-530
-1830
-1504
742
-521
-483
1760
-1946
-1255
1022
-1191
-532
-799
-930
615
-1024
-602
-1657
-1635
1846
2001
-1055
-2037
486
787
482
1503
1105
469
487
761
238
-1141
312
1771
1562
-993
1997
259
-1340
-740
-978
-1380
-173
-1840
-299
-1471
-1926
1025
-1876
528
1311
1696
-1057
-56
-760
1987
666
222
385
-627
798
-1720
1451
-694
-892
1808
-83
1100
-1094
-1650
71
-539
1058
-456
-1442
1765
838
516
-92
-1208
753
340
1050
1556
-1700
-734
1453
-1940
662
1983
357
1957
-1301
1972
-1116
-149
-690
-1281
-807
-48
1449
325
33
-958
567
-130
-709
-1178
-1184
-1221
822
1161
1448
-1970
1404
781
-745
-242
-1958
1057
1366
-579
1714
-156
1619
875
1610
1725
-1923
-269
-1045
1531
50
-1992
-771
1655
1008
1642
-2045
1899
1129
387
-1717
1851
-1486
-1677
-665
1590
-1964
-1656
-320
1849
-180
-1413
1990
-340
1997
365
-200
-972
-1843
1658
-72
1967
-2008
-1751
-1922
1477
396
1327
56
1160
-1318
1574
-50
-857
-1665
1096
1601
-125
-1961
259
852
1725
-1700
1423
559
1419
-1365
541
-1639
-1971
585
2040
801
-1325
29
1312
1733
-1565
376
938
1103
47
-574
-1144
14
-1177
-102
235
1095
423
-1556
1531
1227
-1040
1117
516
-479
1470
1694
-831
1461
-349
1498
-2020
-872
1484
1012
-279
502
1143
-1062
-1301
-219
1848
603
166
565
754
-224
-1153
-1795
-598
-801
103
-1648
-58
-860
-1583
507
-476
839
-1287
1145
-1684
1202
1372
398
-1254
-948
1670
-599
1196
-506
171
-1154
361
1924
-854
200
1818
1214
-73
1707
-431
1920
-1218
836
1649
-660
-1706
1488
1597
-1115
1095
-1306
1263
989
910
-1519
1200
515
1217
-1425
669
-504
732
1933
-787
-1729
-1453
-984
-1143
-1346
1114
1011
939
-1491
-13
593
-1312
1129
-1299
1752
-1600
403
-1643
1429
-1259
-72
1869
1065
-103
454
1697
-1700
-1311
-480
796
-1926
-1580
1064
898
-500
-203
-910
1728
-197
-362
691
511
-1707
-1493
1352
601
-1285
1018
350
157
-952
-302
-141
391
1913
1885
-130
-1811
-132
-1537
61
567
-569
1430
-1775
-831
-751
2040
-1593
1614
559
-978
-8
-1445
166
-210
-732
-1964
1091
-1165
1324
-121
1357
1977
-1899
-1286
-1879
403
-1575
934
-1702
2043
-1653
-1108
1261
1690
91
169
39
-509
-1348
-7
1363
345
1366
759
-1566
-519
1545
1532
1140
-695
-1905
-1964
-1763
-647
626
-81
-792
-1704
-567
1431
-393
982
1501
291
-811
1960
-609
-1149
544
1878
738
-1595
880
1611
-456
591
851
-174
-1406
109
116
-1842
-1038
1122
1468
844
-1600
-1400
-647
-1334
-1531
-58
1236
-254
-1208
1533
-1721
882
777
1706
1318
851
1251
-442
-740
507
383
1749
-1136
-966
-1793
1063
984
-1292
-2002
-8
604
912
1014
171
-1241
-361
645
244
1135
-1816
-633
-1335
1661
16
1269
1062
1600
1580
1529
-2014
-971
1446
1307
641
1241
-1688
1900
161
1120
-1573
504
1459
700
-1225
750
-740
455
1393
1034
299
-1343
-1430
400
-1858
-860
-1404
-675
-1513
210
1136
368
-630
1896
-1962
379
1605
-1858
711
1710
957
1400
68
-653
-1511
-1343
1347
-1967
-990
-1087
918
1940
-722
-457
356
271
-696
838
563
-165
-455
536
-379
-979
-1082
1457
594
1298
-613
-1160
1794
1556
1360
-1094
-1758
408
1794
481
1627
-1770
1752
1405
-951
1512
512
452
-981
-544
1412
1253
1137
-1355
367
-849
-988
-2015
677
469
-1861
2007
-1551
-122
760
1764
669
100
-1277
-1070
1847
1720
-1991
268
-337
252
-690
-1263
-1942
-1962
1285
1424
-1599
618
2038
-177
-1218
-1016
2015
2005
16
-541
-1817
-313
-450
-1757
-706
-37
-1575
1257
932
864
470
635
1315
1625
-1826
-1726
-1412
-1577
105
-1970
-583
1255
-1803
1705
-1948
178
1342
2038
-1366
492
-1160
1715
1020
-165
-1417
448
413
163
1441
1636
876
-776
1502
-904
906
-776
-1553
1500
-1749
-179
