770
1219
760
-1903
1185
1221
470
825
-8
1542
-1857
790
761
-1403
1280
221
-264
1159
-240
-1299
1295
-146
-647
669
-310
1095
1412
1679
-854
888
344
191
206
-2020
-139
-1154
1901
1583
-1103
-1003
-1232
138
-652
-470
-179
-170
825
1713
1393
-969
-179
378
326
1265
1422
-2006
1926
398
1643
-595
696
1746
-319
1297
835
-1506
176
1694
-757
1918
1384
552
71
1817
942
-1630
1993
-1390
809
-1349
601
1942
108
-1377
-1716
137
405
667
562
2037
1923
-1847
1433
-2031
914
-1153
181
749
1466
677
1017
-863
806
1471
-869
-1045
262
410
702
-1361
-1099
1189
646
-1304
-510
1239
418
302
-1877
-503
-103
438
1492
961
-1401
-1884
158
-659
-414
701
1162
-58
163
1912
1248
660
1612
277
2004
-617
-462
-1028
-650
887
1405
550
1603
-532
-1934
917
-1662
-1613
-743
-1870
1771
-613
561
1943
-981
856
2035
323
378
1327
1222
1897
-535
-173
980
-2011
-323
-10
1892
-2009
-1475
-762
1268
164
403
605
-779
425
482
1931
-996
1520
94
2033
81
282
-1678
1104
1800
-702
1739
158
1795
-1840
-927
-746
882
388
-2013
1400
606
1456
-879
-654
-947
118
-1548
-776
1802
531
1584
-1089
-1637
299
-187
1676
789
-534
35
1393
-1366
-1021
-986
1478
-1447
1143
195
1773
694
-1005
-1613
1222
348
1915
-211
1717
18
509
650
1598
-332
1970
-1822
-991
1435
63
-67
-302
-1360
735
999
-1680
-312
-1826
-493
-540
1435
-201
1378
348
1534
1167
989
-538
-929
-961
1155
27
1412
-1179
-211
1024
899
291
507
-69
-1353
1716
1132
1859
201
115
-1058
6
968
1197
1414
1838
-1269
-1712
1508
-1578
-10
1324
-1696
-1605
-1888
-502
-451
1468
-1521
-2017
-1075
-1846
1077
-1991
1699
-437
1416
1343
-511
1807
16
562
-1515
1422
1535
1375
-165
1127
-73
-507
1731
1592
-1771
1278
1712
-1646
23
456
1204
-2038
-1338
-1943
1028
868
1564
381
144
-68
-953
-1731
677
1406
-1107
-442
787
621
1323
1381
970
-946
791
783
-812
1120
1822
1926
-1637
1683
-1789
1728
-385
-1220
-1037
202
-1383
-411
-850
-1089
1420
-1105
1575
-977
1427
-1666
1729
1261
1370
-1381
-1030
827
-516
-1760
1660
-2008
1207
-1642
1197
-974
-1887
337
-687
1553
2018
1764
134
-1640
234
-102
246
-133
-259
-1804
764
837
-376
-1767
-1031
8
222
-738
1920
230
885
-2017
1174
1655
-1422
524
-1885
-559
-1389
311
566
565
-1437
1384
422
-409
-374
1942
-1751
-403
341
-756
668
-289
320
-1792
1261
649
-377
913
-305
886
-1110
-1774
-1803
42
207
116
-598
547
-505
1046
-90
1658
1068
891
1567
-608
-1879
306
11
777
934
-1107
-912
-1542
1287
-1019
452
-2044
1969
421
-1450
646
1896
-579
1915
-30
-1793
-661
-1595
-1708
214
-606
1995
1681
-80
-94
-1550
2031
-1636
258
-882
1
1810
1595
1765
-1596
-981
667
151
1049
-585
1172
-1156
1975
-1933
-1686
1017
-1992
-1542
1787
1466
-655
1952
1771
-362
-512
-1269
-1613
1473
-47
-1948
1246
-1740
-67
-427
-1196
-249
-748
-1157
-1446
1282
533
349
690
1040
-454
-1820
95
-1643
831
-2025
43
1192
501
1357
-531
299
-94
-111
598
1645
-1788
32
867
-1116
986
1335
1592
-33
-1045
464
-651
-95
1102
-1430
-1312
-553
576
705
1897
589
525
-898
105
-1161
842
647
1273
-648
1329
-1712
-1397
1146
-2029
1949
-1171
-990
1210
-2010
-405
-1521
1777
-116
580
1412
958
-242
1037
504
143
1914
855
-374
-984
-848
795
-1962
1595
1343
590
-1635
-313
-377
791
-1123
467
-1845
916
-755
240
-1131
1811
-1217
1789
-495
-1338
1988
-139
-1160
-826
147
1518
1887
-1928
-889
-241
512
1814
-1464
1923
-2002
-123
-1153
585
1836
-991
563
-1303
-1990
-1600
611
-819
916
-363
1449
-882
1861
1041
-1292
-998
-1719
-1378
-2000
-332
-1749
-1512
-30
-573
284
-476
-1887
-1209
587
-1766
62
-1276
1135
1169
208
1845
-859
650
-1722
469
-1200
-515
1942
-185
-735
1511
-352
880
1814
-1603
-703
1594
369
-1525
-1767
54
388
-901
-1413
-883
-417
-532
954
-1772
-1998
-1615
-1613
-1676
1644
-1826
-151
-429
-898
-1904
731
-646
272
551
1236
985
-14
-929
428
1644
-1473
-2010
-767
730
1294
-1976
-445
-818
621
-325
-2031
243
-887
1675
65
665
1815
-680
-1369
1212
1775
-1216
1113
-1117
-1130
1104
-1628
-54
730
-1455
-952
1851
-1418
443
-940
1561
-152
-1754
307
872
1863
-598
-743
-1285
-1212
908
151
367
-1837
1506
116
-1203
-2030
-973
-1150
996
940
264
-1393
-685
-1460
111
77
-478
-665
295
-1243
-552
-622
1955
1746
-726
1
-579
2026
721
1380
1513
1787
518
1512
-728
-665
-1167
602
-1470
464
1424
1629
1425
-479
1437
943
45
1261
-605
-1465
-702
-1946
239
-669
-825
118
-1086
369
599
-1439
1794
-1366
-213
1889
-711
87
526
-851
339
1247
-908
594
1181
-456
1875
-1186
1136
1773
-245
-826
1228
-1106
-1819
1381
-1862
1288
379
1215
1356
-1606
-315
-1400
-1934
250
-852
1260
-2009
-1733
1860
-105
-1190
714
389
289
-1745
-1334
855
325
1960
-543
1561
-677
-324
1817
618
-682
132
-1397
-471
1823
979
1979
1450
-1483
-1578
-1021
1813
-1683
957
-1967
694
1294
-1632
-1318
-155
740
-244
-2003
-570
-420
-320
-1067
386
1699
526
1141
821
-833
1307
-1219
-1501
-169
1223
679
-1897
-395
-188
1174
490
-803
-967
899
-746
290
-644
-290
684
1105
1323
1659
362
-2019
-1467
1296
-5
-1399
113
1415
-219
-1782
1091
846
-1230
236
-1917
361
1904
1811
-596
75
-1286
-789
-1898
1634
335
1144
-1790
-1213
-462
426
-718
350
-204
641
-1180
1616
584
1110
1562
-636
1048
2043
-965
1350
1292
700
452
568
13
1567
-1450
-1818
-1565
1132
-1505
-1629
-998
982
-392
-376
-1420
-448
-1310
1915
-592
1925
865
-954
-1332
81
-1716
-1921
-1671
1854
-1225
383
-1821
1647
1343
529
-615
1885
-1437
990
-103
748
-1048
-1382
-1176
-95
-25
192
1315
-1040
942
515
-1903
-350
797
-1260
-789
805
-1591
754
-91
977
-278
-600
1227
-6
-1780
1078
-2010
2004
589
-1556
1506
1054
591
710
-528
-1192
-373
-1253
172
677
-455
-982
39
1094
-1389
1495
-856
367
103
325
-120
405
1021
-955
857
-738
1061
-1617
1062
-694
1390
-399
-296
1891
-1409
-173
681
1303
-1443
-171
929
2011
450
-1367
-1812
362
-1968
1574
-496
1846
-379
1853
-1525
711
1433
1074
-1267
-788
-515
-1849
498
-581
1395
1803
1117
1868
-1562
-1914
-1966
-732
395
-187
-1968
1562
1468
830
-1295
763
-1790
902
1220
-140
-634
-119
1940
-124
-804
-2011
-556
1857
-540
1167
-702
1767
486
784
1969
280
-577
-1712
-801
-686
5
1112
-979
1142
322
1076
366
359
1773
-1290
891
-1141
-421
825
1942
-700
89
-482
-1898
1101
-1381
1125
-854
1486
1960
774
223
-975
-1391
1734
-750
154
-272
1808
-151
-492
-1386
-1066
-1470
-2019
-1673
1635
-1158
-1331
-1792
330
-2
1629
935
1788
675
1032
-1592
-1176
294
-468
119
45
-444
430
-1110
1960
1000
-1385
1063
1670
1119
-1630
1698
-14
1378
-767
1169
1087
-1005
506
-1035
1559
-839
392
1745
1525
-693
1466
-130
-9
1428
499
615
1014
1037
986
671
-1064
-1498
-265
454
-24
-220
222
-1916
1375
1136
2042
-1961
-283
559
707
-1079
745
-199
-1705
1500
-2031
830
-135
-583
830
-459
-1823
-148
-114
-1087
1449
1752
983
1479
-1776
1438
1523
1269
-2023
244
1918
-1493
-1418
108
1062
1996
834
658
1382
-525
949
-1974
-1111
-2002
1444
989
-1872
-2013
2016
1225
848
940
573
1278
-1958
-1639
843
-1857
-1911
-1078
1445
-540
-79
-1552
1741
926
-812
885
1409
-140
-221
985
-1672
140
2034
-1998
625
-450
-642
-1822
-1875
-1365
1622
-389
1126
-375
428
1175
-323
-280
-1008
-1595
-1677
-1563
-803
1857
2022
843
1063
1990
-264
1557
-752
-24
-571
-1121
1146
1879
-674
1422
36
-555
300
900
-533
669
-475
-1738
-179
402
-1395
1563
271
1210
1136
-1101
-1294
1352
-1888
-1297
-164
752
8
-464
-244
1170
1447
102
157
292
691
-393
2020
-1085
-1260
-1098
1290
-1567
32
-372
-169
1679
-1150
1556
-1115
441
39
1462
-1436
1607
-1198
-102
1303
-459
-1143
763
-169
1878
-117
-176
-1262
-2040
-1264
-1791
-951
-432
-1206
-1814
1007
218
308
-1182
1550
1115
899
-57
-1283
1144
1571
1411
1961
-1239
342
-133
1281
-668
-458
707
-1510
48
-1358
438
-1695
1248
727
32
-872
1924
-1672
-1619
1923
1657
1513
-173
1374
1538
-1767
-802
219
-281
1927
851
712
753
647
346
-210
-411
1600
-421
1245
-1763
-323
-1672
-149
1672
450
-1732
1893
-176
1922
1249
-1810
-1155
2035
-954
1111
84
-290
-194
-1758
158
1149
395
1728
-1454
1210
1048
-1110
-1874
-1338
-1895
1560
-614
814
99
1766
327
596
917
525
760
-1772
-1717
1277
494
-584
1513
1710
353
-1257
138
314
1649
960
-965
287
-1260
832
-462
502
-826
843
1507
-859
-1491
1765
1992
1762
-429
-1698
2021
41
1199
-1273
-773
967
-842
449
314
1085
-5
-225
413
-78
-1565
-1510
-1896
-1674
-1114
1642
-711
142
966
-179
-1107
1849
-1067
1950
2030
-1217
-1193
-643
1993
-1249
-1275
-1281
-794
11
-255
-1451
1018
134
-1225
-271
-1524
-1118
161
475
1156
-1833
-359
-1269
1371
1118
-289
-594
-22
-1022
-103
-1674
-104
-974
-1553
-354
-695
-1641
101
-296
-937
-315
-1065
217
1079
559
-1559
-1880
1949
1083
-1000
620
1551
351
543
-1560
229
76
1736
1087
-1888
1
511
-420
891
1479
-216
-643
-1455
1788
680
-978
1136
1693
1418
-1683
1992
-1401
-1495
-1032
-542
-1972
-1831
1980
-1297
1460
-113
-178
-75
1198
-1193
1860
-1193
-341
-366
-596
-559
-152
771
799
-1986
-1267
643
-40
949
1919
-694
-1453
975
-773
207
437
1427
-597
-467
-1586
2043
124
-1315
644
1733
1751
741
235
-855
338
-167
-1128
-572
838
-13
-1951
1873
313
777
1390
-643
514
649
897
-969
1700
-1796
851
-972
-1839
-623
1062
-1848
-1051
540
-685
-79
-1908
-1555
-1838
-77
1714
-927
174
1786
1525
599
-674
-447
72
-1736
-313
-1672
-265
664
1566
816
1477
901
610
879
1090
557
-664
-256
-1761
-754
889
-2014
-124
619
-1154
1437
-1425
-1224
353
283
-551
-2039
267
-1634
446
-1181
-1166
817
1760
-2029
-1029
-1857
317
1677
15
188
-2010
100
-330
513
2018
-890
-1474
352
-782
892
488
-735
-887
-403
1403
1854
-1367
-53
-1877
-1174
-1689
201
60
-1645
-1665
-1433
-238
-1498
23
-777
1188
-833
424
1345
-1207
-425
-523
-1531
-39
-44
1274
-1848
-1798
499
-1809
1296
-86
1913
-778
-1832
1858
-1389
-813
265
-326
-424
1342
-682
273
376
256
1501
1803
727
-1381
1545
2016
1322
-364
1830
777
-1419
1597
513
-1790
-927
-270
-1479
1262
603
-603
599
1331
619
-1318
929
-846
1434
-310
113
723
1298
462
1066
1100
166
216
-82
596
-1061
522
-720
-1395
-1445
330
634
-702
181
-1844
1141
1076
-1425
1393
-1302
1955
564
791
-140
-1106
1360
-1922
-351
-1054
1818
1787
-510
1801
1404
-547
1616
-1789
-1174
-724
-897
-873
-1483
41
142
-1173
-306
790
1376
-578
943
1134
23
-2037
-874
-654
-1469
116
1219
-1558
-616
494
1278
808
-950
-248
492
-465
1228
594
2
-1844
-1001
1628
1484
-552
1323
-1256
396
1111
-1773
-1366
800
-1661
-539
-1111
1823
398
-1998
-1395
-994
1877
-673
95
1781
-356
-1491
-1882
1852
-1804
-982
1092
-1918
-1723
-1760
918
-1656
-568
-1194
-685
-415
1143
1441
1143
-459
-1560
-448
-1261
-1581
-418
-1208
-1098
985
-1722
1997
-59
-122
-321
1170
1118
1777
1885
797
-1055
1504
1526
1630
1521
479
865
-101
1042
1214
1092
-1362
-888
-1444
-1870
-1907
-1624
-367
400
748
-143
1109
997
19
-674
-1288
-603
-1619
-429
583
-958
1432
1210
-1325
204
-1088
-863
-1297
-1657
-95
-1599
-596
1266
209
911
-897
-441
285
-749
168
-219
-1172
636
1347
-347
554
660
-285
387
-1946
1463
-1612
-1154
1078
120
-1243
-591
1480
-1076
-30
-1526
-1632
-1874
-1233
-99
-1745
298
-1918
-24
-1858
1231
-936
-1832
-656
-1450
-716
-1120
611
-887
-1625
1081
-18
1126
-922
393
966
-436
-1191
-1514
1322
1055
-1400
1330
-1060
665
2013
-829
-797
-1202
190
1829
-990
424
-450
1452
-634
-846
264
-212
-802
892
490
-1334
-199
1619
1990
-1288
-821
625
21
1137
-460
-1466
703
-1721
1071
-1993
1623
-1079
-877
-564
1422
-1682
882
-716
743
-1676
-1123
1801
902
1874
1289
617
1573
-805
1144
274
1787
-1047
-1291
-581
-594
965
-1966
-414
-500
-1545
-118
158
196
-1413
-30
471
1218
-135
462
338
1612
-966
645
1556
1223
855
1326
-396
-1004
-964
-859
-1197
610
1941
-855
1279
1945
-235
-618
920
-254
2029
-1693
221
-1961
-886
1270
1406
-1755
-799
1217
-69
845
468
1907
-700
448
-1231
-541
-406
56
-927
752
1119
-238
2002
636
-1875
3
1253
-1483
1931
1233
-1965
-1204
875
1222
779
-4
816
-1546
1932
972
-1686
819
354
-1667
-441
958
1796
1417
586
1383
-1565
87
-1110
-424
1154
-325
-973
1845
714
-1019
-1572
-1333
-970
-925
-80
988
1022
-1384
-1737
-1418
-191
-33
1578
-716
-825
274
138
-21
1722
2015
-1337
1082
513
-1258
-1992
-703
-1246
1242
-613
-1236
-807
505
929
1995
-2009
220
378
-1815
453
884
311
-1701
1294
730
-993
1512
-2010
-111
-1857
1733
-1685
1392
180
-1385
-1500
1569
47
1039
1596
-1780
-780
1796
1318
-1103
-258
-550
-1112
-1666
144
-959
678
-571
1978
85
741
-234
1832
-290
365
-336
71
939
1244
791
-864
-1241
1872
191
89
1475
1279
-91
990
657
856
-1822
-380
-1655
-1872
791
-2015
-1336
-1965
177
933
914
772
-298
131
1535
2003
10
-814
-941
-743
-1659
-452
-797
1469
1515
918
-107
676
-838
-756
451
-1003
-1815
1226
394
-1234
1557
-443
1386
1878
1774
-583
309
1924
977
1584
1324
848
-864
1981
71
-1067
1204
1004
-1395
62
-1045
-1431
-1931
-513
905
-1102
1084
-1915
-1468
-1046
1581
132
1520
-1141
160
-332
-463
-2028
220
467
1715
643
423
-989
1099
1458
-1930
2046
893
582
558
1998
955
619
139
243
1542
795
1222
-550
-1516
-785
215
-241
178
616
999
-187
1701
1456
799
-1485
1687
924
-1120
587
-686
-496
1690
-705
1793
-1144
1183
-1259
-1880
-545
192
-2044
1110
-479
-1835
1228
919
1898
901
-613
-391
1734
-1715
846
648
494
273
1847
-1907
744
-597
1305
976
625
1240
873
567
1818
1275
-558
-78
-1254
-1484
-1599
-944
1699
0
282
-73
-1811
-1964
-1298
240
1400
-802
1531
1423
-2041
-1091
1366
1803
-859
-947
-1379
-1710
1589
1314
1554
-1690
-1761
-2002
117
1827
-1004
1465
-429
-1799
-741
915
-1783
1138
1147
240
1343
731
-1086
-964
-1312
1140
-1396
-1113
-431
395
1877
1390
1829
1077
1525
201
-1024
419
-1576
1123
1940
1546
-541
871
1785
520
0
1533
-805
1139
-1498
1578
452
1930
-307
1546
1387
1137
-1292
77
190
-1043
-1192
-22
1237
-184
-245
2036
-343
94
-705
156
872
-1103
57
-1525
1420
-1168
870
601
-414
-381
-404
1898
1056
-1436
825
-1663
127
-1338
272
-83
1936
-510
-1459
-1285
-1267
-1744
1798
298
448
-1325
-1416
1051
1869
-222
-789
1698
1011
1222
-1943
-1044
-1933
-759
468
-1488
1520
-423
1171
1488
1497
-980
657
1458
397
784
1700
-567
1518
1015
831
-1849
-1360
1420
850
1521
330
-335
-157
-1034
-1104
-1824
1196
-609
1635
1424
-1947
-1646
-442
-653
-811
-1595
1443
-920
-1402
976
-1839
-1707
-1242
1767
-531
1166
69
125
-2032
1006
-1069
-903
391
-148
-977
504
-683
-711
-1554
-1650
-1126
-1971
277
1474
-1752
-1972
-1055
806
-533
-582
213
105
-1464
370
599
-1065
-203
577
-1688
-286
-1741
1960
417
-816
469
-855
-1927
1375
-2030
388
-659
-1929
-1289
-121
-661
917
-238
1418
-244
-431
543
102
459
1628
-710
-503
-484
-1927
322
1602
47
-290
1441
65
923
-1433
-725
1912
390
1816
291
-215
-129
-1722
-409
-204
-1826
-1041
-903
368
-1893
1441
668
564
1422
1157
-1338
800
-233
-356
-429
-1244
1002
-203
1179
-1396
-1716
1647
1824
1590
1087
-1078
-1177
-1862
770
142
-422
1124
100
-1202
-1723
-693
1847
263
1054
-533
1954
-712
1370
1468
-958
1404
-1302
-937
-1759
516
1170
45
-1434
-144
890
1017
1192
-1199
-316
-1664
1255
-2029
-1719
1232
-1541
333
82
-265
-631
1397
1866
-1325
-405
1468
67
-1203
-1437
-1729
-688
1456
276
-954
688
1825
1612
173
-609
26
1376
72
-64
1265
937
-457
-1235
-435
-1007
36
1784
103
-1646
1130
44
-971
676
1502
1817
-1742
904
-1427
1300
748
331
1350
595
306
-1127
444
25
-586
-216
1925
1776
1596
1743
1420
1289
1615
1305
-992
1151
-222
-945
-1169
-592
223
1775
1884
1365
1085
-359
-641
654
-221
-1273
1589
1168
-1154
-125
1531
-994
806
-1958
-105
-1909
-64
1652
1107
1127
-1672
775
-1241
-1622
-1094
292
915
299
674
-183
1394
-579
57
1724
-1451
-424
1098
707
-1641
-76
-530
1403
-1007
257
-1646
-912
-1983
-1078
-1401
699
1005
-1322
-1284
-1336
1080
-2008
-1706
1385
245
1498
1484
-1913
-940
493
-164
755
-1094
206
-1339
1984
-1337
1721
-1338
1694
-660
966
-941
898
515
651
1487
-1192
107
1378
1082
-61
-266
-1497
-721
-32
570
-1951
-1870
-33
-1875
-1567
460
-633
-288
-1635
-1842
-1159
1405
220
-491
-1736
-568
1677
-1905
-1589
-610
191
1679
1799
-2040
1067
1077
-1178
783
-1591
-497
-1992
17
-448
800
-1430
1827
-1189
1319
-1140
742
1833
516
-1758
1360
260
-704
-1992
-1366
34
-853
1813
-1150
1002
1770
-1250
-1376
462
-242
1171
2006
-1885
979
-372
-844
-665
1522
-872
990
382
1017
1127
-1960
-466
1772
-718
1320
-682
1658
-1338
-1313
881
1994
1626
-1188
-1367
1461
752
-1724
-1295
-637
1843
947
1855
1769
746
865
933
-1407
440
-1544
1089
1345
-1711
158
281
1129
-802
-307
1700
79
-1098
-514
1809
-1700
-728
-1129
-984
1527
1901
1447
1465
-900
-1109
-1111
-856
-45
-819
2027
-456
541
891
766
-15
-1041
-828
-612
1965
832
-618
-1445
1
-1772
260
-1046
-833
128
805
-1837
-80
-405
1676
430
-1697
-899
-428
719
-564
1693
664
1574
311
1449
363
1669
-851
1633
-1518
272
1646
1944
-885
-564
1579
1648
867
1100
-1833
-1108
-1627
-661
1052
-1799
-1325
-287
1422
303
1806
-1565
1308
623
291
370
-214
1278
-1932
-1640
1513
-526
-811
-978
1570
123
1573
-908
1822
1253
1452
-483
-1568
-2041
775
244
1888
571
719
-527
-1524
221
185
-339
-1536
-1793
814
1079
118
1659
-1447
-462
504
1631
-1928
-246
-1190
1873
-616
1660
-1655
1853
-917
1814
5
254
-1446
1982
-507
-1786
-1878
-452
-493
1009
171
-1125
-1974
-499
-1810
-147
-1297
1664
1342
720
-1669
-665
-78
-2007
-537
-149
1089
-1934
1096
1563
1360
837
1179
-54
-1349
595
-1371
-555
-1654
-694
2027
1145
-451
1835
1993
757
-135
-1522
-1723
1774
-1235
492
-282
-1489
-1014
1010
99
1392
335
-1362
1533
-145
-312
-900
409
-1321
1771
-778
1393
602
-721
1608
1126
-602
-1469
897
968
1570
-1950
158
658
-341
-1664
371
1545
-816
1360
-958
1968
-265
-1756
235
-904
1528
-159
464
-1763
1369
208
-226
951
-1794
-668
406
-428
-1211
1676
-559
637
658
284
1203
473
-1768
117
589
-1139
-551
-1749
1999
628
-1554
1244
-1599
-968
209
-676
1837
-795
-308
226
-1275
-170
1102
-641
1077
1546
-1718
-655
-534
-869
-176
-1387
-919
-639
1436
-1363
-33
-924
-568
642
-1587
153
-984
-1569
-487
2040
-1314
1574
1218
1500
609
-577
-743
-450
1687
484
-171
-1812
839
-1735
1459
1217
-261
156
477
-302
1827
1179
-125
-671
1162
278
324
-1327
729
321
186
-1998
596
1502
1671
-1131
1686
922
-1147
-1540
337
1930
-54
-1831
1014
-1102
183
-236
-187
375
707
-1666
919
1052
16
679
261
241
-1862
-1519
540
-154
-567
641
-1979
-307
-1087
-1090
-857
-1071
1448
1836
1188
-1165
-617
954
1197
1444
911
-1889
-1935
1366
-45
795
866
-27
-1703
1844
-1907
489
1420
-235
1128
-1184
-1476
328
3
231
1654
434
11
1103
933
-756
-271
551
-1175
-1275
-793
-419
-1162
-279
-813
1496
-948
-1365
244
1795
-1118
1111
1632
-217
1936
-1566
-1512
1669
870
-1254
-316
340
-1274
-523
1542
1837
1487
-800
-960
-182
1552
-1239
443
-1251
-585
1903
-1965
1415
-647
10
-1986
-1936
-205
-1736
-1218
1688
-1918
316
-1818
1006
-388
-1478
-1276
485
-118
-600
-742
537
1080
-1653
1490
-766
1040
801
1386
1700
1856
1832
-25
1886
-1487
-1146
1578
-1421
966
589
-824
133
-1153
-1481
-1168
-20
2046
1061
-1005
-1889
-1169
534
-892
-543
-469
-252
413
901
1295
-1038
1745
-1860
-999
-1540
282
1604
-1455
1351
-1994
567
23
239
1307
1782
-873
-96
181
1930
851
276
-1643
1832
1765
-1994
970
1515
-1623
-1575
449
159
353
29
242
-614
1754
-1469
393
-880
1601
-792
-1074
-1202
339
705
581
-689
65
-1643
-1125
27
-1482
875
-1282
613
-1423
21
-1483
-57
750
-341
1042
-224
-1663
818
-1425
-640
-1981
-1963
-414
-1150
1654
220
-532
-231
-1369
-1724
1474
1969
734
1264
607
-344
-969
-179
1811
-1572
-429
1143
-440
661
-1031
433
410
-407
1424
-1723
1288
1060
1691
505
-1055
714
748
1541
-1399
-929
1202
326
1027
669
-1989
-1315
-468
-137
-439
521
881
-189
-1504
573
1357
-354
-1036
-451
-496
-1558
1252
-409
-727
-1980
-679
-1547
1239
-2036
680
-213
-994
-316
-742
-1419
1001
-1450
-1273
-1983
-1404
-622
-1485
-1616
1022
-511
1070
-18
-1323
1216
-308
-465
1883
156
-651
-455
-1706
781
-900
-138
-1491
-434
-1222
1139
-1239
1607
1519
-309
-440
618
-925
1354
1230
-1475
-489
-901
-1415
679
296
1333
35
-511
1189
384
1308
-879
-1182
-1186
-1608
1976
-2012
1449
590
-627
56
-1292
-603
-309
1351
-1504
-670
-700
853
-777
-1060
1142
-1037
98
1511
633
888
618
-1073
759
353
1474
-2014
-1444
121
1789
1943
-1288
-2038
-1228
-1847
-1487
713
-994
1680
1926
1197
410
-912
906
-940
1146
-174
132
-1766
659
561
741
-1319
-2042
-1756
866
-1001
-613
-1563
161
947
-1973
1255
-1418
1789
421
-593
-883
280
-688
1393
-1382
166
-1218
1814
-1086
-1866
730
-192
-159
-580
-273
1922
262
966
-477
1969
-612
-363
-1983
-996
1945
175
1010
-1099
1118
626
1294
1324
-1944
1500
1866
1480
1143
-1998
1371
-1800
429
-449
-1952
-1129
1605
1122
1927
-1567
-1751
1809
-1015
-1324
1558
1256
-1785
-2007
132
1845
949
-596
-286
-1558
880
1789
1133
2006
-582
-357
-1159
-955
-475
-744
-531
1695
1553
933
1583
-1675
-974
-1891
-447
-1711
-93
-1767
-276
-805
-302
-354
-718
-1347
-558
928
-93
-380
1089
-526
450
-1710
1700
491
1870
-172
-1259
-648
-671
-268
1352
1440
851
-1367
488
-546
373
-1442
1278
-1061
-181
1380
-1121
1732
1914
478
-884
-758
839
633
-15
1889
879
1948
514
-952
-1906
1226
132
646
-1857
1848
-229
-483
-857
1686
-1431
-482
-1635
1249
-554
-333
-1275
-443
-1024
-489
-1839
1507
1453
-136
1269
-1886
1885
707
1519
-1380
298
1076
31
144
-1758
677
-1015
477
997
1933
857
-973
-1121
1954
-1356
-556
-1789
-260
-1528
1896
-357
1977
421
574
524
1572
1485
995
-1177
279
