-849
1340
432
924
-1203
695
-1979
769
1506
-540
145
-89
1683
1732
1332
623
1687
-1061
-2042
787
1355
265
-355
1118
-1575
-343
52
715
-1076
-1037
-210
1735
-1218
1148
1232
-2007
-822
1029
426
-978
-1574
19
233
920
445
719
-1725
-1482
1015
1687
439
1346
-2013
-594
-824
-1468
1003
-656
-1958
900
-1113
154
-787
1007
1456
-10
633
1904
1371
-799
-670
-1661
-621
1322
499
1847
1995
955
-1813
-437
1973
-684
-1195
1662
-4
1271
-1954
-267
-1886
-133
856
1193
869
-1686
1176
969
1692
-258
859
275
736
360
-1174
1250
1057
237
-850
-709
-1418
-199
-170
-1976
794
-1679
731
1231
1570
1366
-1434
505
-1747
-1777
1268
974
925
197
-1067
-507
-800
492
-596
614
-1810
1848
-1867
-930
961
-769
627
-271
-2039
325
1917
1742
-1674
1817
-1646
-579
1878
-1937
-356
-1846
1962
-495
-246
1762
1844
298
-560
281
1816
1439
153
-1538
-949
-1826
-1374
1448
339
-920
-1911
-56
1767
-71
1964
276
-1122
-1854
-138
449
-174
1680
-281
572
676
1421
-746
-77
-271
-1880
1737
1486
-199
1783
-40
-1243
-386
-1706
-1404
427
-1053
-232
900
202
276
-582
-772
-1454
881
-1386
-308
2013
1086
-1460
-286
-1499
133
-713
-74
-155
-792
-930
-104
693
1518
1623
-232
358
-1725
1937
281
-10
-2018
1373
745
1053
-92
-187
1743
1355
-164
1548
1939
265
583
984
1873
-845
-1245
-804
-2007
-1540
10
-1019
-1769
-83
-454
-1239
-628
1032
-1525
510
533
578
-1058
879
-876
128
1599
-852
613
2009
-567
1377
-1262
-1096
1803
-851
434
-1525
-1223
-1548
968
-1578
-91
1380
1972
-1699
-1830
1875
354
-1648
-639
-1547
1941
-4
-1627
1253
-1984
1232
-335
1551
1601
-422
-1872
1809
1857
1876
-734
-1302
937
-1605
1004
-1254
1942
811
1747
2013
-265
1207
-38
-1332
847
-1227
-1270
1855
-595
-1611
-997
61
-1271
-1144
1103
1771
-577
-203
270
350
617
2000
1940
1255
-1390
-452
-436
-1140
-1106
1941
18
2016
-790
641
523
1791
-1532
-1933
60
-1112
-552
-853
400
-1450
747
-457
-107
-1652
1152
-413
-1426
1483
1669
-1774
-656
1205
1771
-1931
1224
-341
1736
-1655
176
627
1451
708
-372
617
1451
-1410
-912
1630
-1402
1608
1916
-1551
583
-1776
391
-1397
514
227
1623
1186
-805
629
1324
-1131
2037
-1227
-319
892
-1593
-52
1109
174
-272
-1956
57
-1020
-1155
1988
-983
1935
-1384
1961
1538
-1225
-1192
-421
-176
-930
1288
71
-26
111
-1691
-1440
68
1395
1811
-327
-1033
-2002
-1247
-1779
-1918
-1217
-1167
-921
-1727
-310
289
1911
1193
986
1240
-1775
-1176
819
-1099
-1532
-601
-1332
-213
-471
1842
386
1633
-1623
1697
-896
861
1065
21
-634
625
-177
-2036
-540
1661
470
-367
1342
-1970
1277
-144
1998
-1139
-666
1943
854
2011
1288
-927
-402
78
1960
-793
-1679
-40
-219
555
-879
-743
-1761
-461
-1414
1016
-1164
1695
-1293
-135
-1815
866
-788
-1490
888
1446
-1165
2012
1479
1966
-781
1705
-1778
486
52
555
-1793
-596
1677
-254
807
-1472
1716
314
-1260
1093
-99
-1008
-1865
-949
-301
1355
671
1208
-1577
752
329
-1091
1468
1387
1276
362
1212
-805
967
1724
-799
966
225
-584
1912
1501
-1280
-207
1202
1257
-1289
1714
-1368
-1359
-1998
230
896
502
1106
1243
-1523
-695
-1140
-817
29
-571
757
-335
1615
-1914
-1390
255
-1912
1270
1053
1094
-366
-1362
-909
1481
-896
252
157
-1080
-1546
-267
1110
1963
1036
1541
-1248
1754
-1759
-542
404
1588
-1549
996
80
-1776
1961
-858
-549
-33
529
480
262
1820
1400
876
327
723
963
-647
-433
1839
6
664
1143
-1366
24
1048
-145
-1520
933
-278
-1927
768
-1006
-69
-1577
1339
-849
-873
-847
1827
1726
-391
763
1543
149
347
-1344
1670
863
-750
1078
1417
1789
1398
63
1601
-163
-933
-1927
1430
-1353
-1135
-379
1913
-959
-1628
-1029
-361
-1375
1936
-1985
-1356
1437
516
1513
1624
658
-904
1300
-2022
-1306
-1873
1009
2006
1060
-1782
821
1206
1314
-2038
-69
986
1900
-1149
-315
-863
189
1512
1630
673
-1110
1072
1862
-1531
788
665
-1590
-401
-34
-258
-1276
306
1047
-1310
1029
-255
-1177
-1048
61
-1636
969
1263
1158
-501
-404
-402
1148
-1109
950
75
-175
-881
597
-1041
-1617
-1111
-932
156
1562
296
552
235
-1733
-1669
1650
-1167
869
1876
717
1354
1300
-675
68
236
-138
1947
851
1918
-334
-1655
1744
1909
1862
173
-742
1697
-1040
-1846
-1281
576
-655
-1675
-1044
894
491
520
-1372
-1328
-784
1040
1553
143
-553
-1856
1431
1385
1513
-1583
-945
-1817
925
605
1697
-1914
-920
2045
-1594
1541
-1374
-1879
-1955
-246
227
1474
-1060
-843
67
240
-502
-606
-1299
-1323
-1528
-1875
-1925
96
-1951
741
-616
-212
1413
-180
1084
1292
-459
-1404
-511
-1113
-1772
306
1529
-996
296
-1203
923
911
120
712
-1047
-833
1592
-1986
-1390
-219
38
952
-1968
52
-1464
-917
-7
-259
1194
-672
-61
-340
-1400
-1554
13
111
542
32
1353
-1769
-1810
938
-437
-1313
-1148
1975
-898
2033
1148
-1501
-126
-523
-1519
-400
-1657
1799
-623
786
-552
-1828
-913
1867
1821
1541
-499
1068
-330
590
1510
1831
-1411
1564
-636
-1892
685
-1609
1406
1214
-736
-887
-1711
-1657
1863
-1763
-763
1958
1189
510
-1901
394
708
34
7
-449
127
1826
1065
798
460
-32
721
641
1430
1490
-1380
-1570
-238
-86
310
1497
-21
1902
2015
-309
-798
729
1383
-1061
534
-2026
-1741
1932
-1882
1914
1712
-1052
-1330
-318
1208
-1905
80
1509
-2011
451
-1984
621
-713
515
456
-1708
-204
1347
372
1041
-1643
2
-977
-1705
-1466
156
-615
1434
-1935
1380
-1248
-943
-215
-540
298
1491
1927
-1612
1003
-1329
-1654
870
-1740
-1729
1834
499
-840
-1068
327
1783
-943
2001
385
-910
1407
542
200
40
-1592
1982
-550
1898
-1234
599
815
364
-391
-757
2007
-1349
-905
-1494
656
66
1995
1576
676
-929
-1847
82
-506
1074
-886
-630
-12
-2038
275
1452
-61
1234
923
-2043
787
395
657
-241
-1266
-342
209
-1975
2013
-1475
879
50
-1491
1803
-124
-209
1439
323
-1673
-124
1092
1773
810
261
1513
1769
656
-1314
806
1172
1514
1985
1878
-1344
1882
1335
263
1091
-753
-1494
1091
-828
-120
1356
1585
2012
-1173
-26
1391
-1670
67
-738
-350
1380
-1606
-1389
-1896
-1815
-884
630
-113
-892
-794
-1105
750
-1904
-155
98
1261
743
576
-126
1954
-1974
-2025
-1660
-291
-86
-1618
1274
-1477
540
67
862
1783
-621
1459
-1425
1247
1281
1024
679
1460
-937
-1641
1871
-1349
-1386
978
97
-110
-1856
-712
-1311
-496
-73
-1886
6
584
968
-233
1972
628
-2013
399
-365
-1552
175
-996
1104
735
1258
989
645
1529
481
1379
-1906
938
1529
1177
1231
1604
-781
-1025
5
-1909
-410
1111
-1358
2040
-654
-1395
-1676
1647
967
1233
-1911
-1430
-329
1251
-1300
-1689
132
121
1422
992
1180
1426
794
1609
248
-1032
-1900
-412
-1234
344
-144
139
926
-1636
1411
1106
1335
-1903
-215
-1076
1056
1725
1043
1297
481
-379
-1180
368
-1697
-1256
1832
-1646
285
-316
-1010
560
-424
498
-684
197
-231
-1971
463
-1151
-485
1390
553
-993
-365
1723
-796
-1795
-1393
913
-1894
983
-1493
363
-1830
-1606
1590
1377
1567
-1194
1176
-1936
1355
397
-1808
-28
1797
-690
-33
1939
914
-441
1919
1801
881
-2039
853
1868
329
-1847
1596
-1381
-644
364
-1845
900
2017
-1498
-382
1270
41
-1253
-1946
107
-1765
-860
-215
1001
1893
-418
-1112
1322
90
177
-23
844
-1833
-2015
-199
1172
278
-562
-80
427
1450
-827
-1095
-1094
-1518
1873
1500
1754
-668
-1034
-650
-403
1421
-697
-389
1138
-1673
-929
794
-1593
-382
264
-1698
-1982
-1544
1882
-1202
1156
671
1530
1076
-1875
-1248
-870
-1745
1384
-1687
1554
1943
767
-1072
1433
2013
1918
-2022
609
-274
950
-768
312
1251
1109
-1381
1925
849
159
539
-237
-1653
-983
-1710
-491
365
-761
-1451
743
-1242
1013
998
-277
563
-60
-1316
2018
-1450
398
-1788
880
-359
825
532
-1058
-1749
-632
750
-1575
1584
1866
-1097
-1406
66
805
301
1328
199
-712
-558
112
-1321
1591
1794
400
733
1388
1753
-432
429
1758
1771
1030
-732
1867
1167
957
-747
-1212
769
-352
-303
-1324
-1059
-1466
1449
1858
-1452
59
769
-955
-1626
-1990
-969
-1526
-1235
-1933
246
435
1160
894
92
-1644
587
1863
1858
-1397
1937
-942
-436
1069
-244
242
-1544
241
-561
2018
-1193
-33
1138
-652
-1107
1341
1761
775
-1663
-72
-186
-979
-1651
-1224
-884
1206
-1546
1828
-1805
875
576
345
261
-1902
1654
806
-130
987
-36
-1521
-396
-1725
-1605
369
-1444
2024
-859
-316
-214
744
-342
-620
1068
1812
-1316
1281
1769
1376
-342
-1037
388
1343
1904
-656
1305
-389
1725
-1333
-894
1496
-91
1208
2010
1066
-1112
277
-660
-1274
407
-387
-2017
1708
1257
869
-1991
-1867
-43
527
1689
648
1741
1706
1794
931
-69
330
457
-1391
839
-1808
-1671
1112
-1304
306
-835
462
-1581
2041
287
1534
-1145
-865
-277
-664
-455
-523
689
-1726
-1130
-1853
1269
1629
-426
-1053
1092
778
-236
948
-1450
853
-324
-1494
121
-190
298
1250
1012
573
1611
1775
1674
-153
-963
1896
966
-1552
203
-1407
-159
-722
1256
1639
-704
-1096
82
-1660
-135
-1794
0
837
707
-808
1469
-696
-553
-916
-1180
-542
1035
-16
-2036
-1566
2007
-1890
471
1705
1389
1629
666
-1465
-1535
-1893
464
702
-2014
393
631
-1449
1441
-106
-232
-1567
-1177
-993
-1415
1747
-1129
-1244
1908
1643
-337
827
1628
-1199
968
341
581
-197
-859
1939
1242
1532
-1596
732
758
875
1834
-397
150
-1666
1567
-1787
1660
48
-939
-1346
14
1174
-774
1958
952
-1932
-973
1505
1142
2016
-1737
-1251
1731
1658
1970
178
-125
348
-809
-1533
-197
-124
90
1071
-2013
1528
-469
777
-1687
304
236
-1463
1574
272
-1543
-339
-1422
268
1812
1665
-790
464
656
-821
1885
1502
1520
1696
-823
-364
988
1603
-218
770
-1649
805
937
1571
1099
-1407
-100
-599
855
2004
1127
1791
-1343
218
-686
1022
1916
-989
-729
1143
355
1553
1648
-416
824
903
1182
460
-653
-617
-1927
597
1038
-548
1632
-1225
1001
-305
234
-90
-2041
-124
1524
1246
824
1612
256
-198
-328
-1621
253
1994
-1583
760
-982
-1019
874
-1449
-1984
1199
425
1820
-1637
-558
-2030
-901
1943
1216
-1851
1394
187
-503
-1748
-16
1269
99
-381
529
-1902
-423
694
357
-476
986
-498
-171
513
-1694
-522
-1475
-612
-1564
-627
-333
1321
1335
40
81
-446
1074
-1428
-637
-1661
-8
583
-576
1548
-1537
-1420
1451
261
-475
-1637
-1912
-90
1107
-1555
-1453
-439
785
-1718
559
-1302
129
-353
-1948
-651
-1224
1240
1873
-916
86
1995
799
-1982
104
-1117
1814
991
90
790
1169
-811
14
1315
-1375
372
-1026
-427
-1552
-105
-1210
1629
1128
539
1960
-422
1003
-14
-1815
-2037
-108
-1336
-1838
686
772
-2035
411
1478
1826
-1387
995
-456
1965
-161
-582
-446
-726
-1052
-1988
-823
-383
-1959
-722
-964
-1561
-917
495
-592
68
207
335
138
-1328
1060
-1627
-1236
-513
-635
156
1293
-1645
842
-1473
1742
223
-1926
-915
133
766
-224
1164
732
1580
-1463
142
869
1508
1476
-1816
137
-235
1639
1246
1426
480
245
-338
-1224
-913
607
-1851
-747
-490
-85
455
-1897
-393
-27
160
1451
-32
-326
-498
1474
111
496
-713
369
-1682
-1947
157
-1716
-1992
1221
1265
-1468
-1972
711
1828
539
456
223
1842
-961
-1051
1364
1310
-1159
-326
213
375
281
-1041
-734
1779
-573
405
558
-387
1142
1729
-1992
-1250
1097
-710
-1754
1873
-1757
-78
-53
-1757
-1
21
-169
-419
1848
1334
-1680
-357
-228
864
1388
-959
-1192
1840
1828
-1514
441
1601
-86
1735
-360
1267
-398
-1044
857
-797
1387
-1611
-99
-1186
-433
1297
345
-1167
-1112
-1670
1146
-1330
-996
-1073
1627
1304
573
2035
-615
-748
-138
-420
670
1769
-931
776
379
847
1288
-1141
-1725
1701
-1095
1333
-1650
954
64
-1723
-1408
-629
1728
15
1982
-154
1018
264
718
1796
456
-1862
-712
2018
-1502
-1451
1792
-1190
784
-451
-1579
-790
557
-1289
1347
-463
-1581
483
-849
-1572
-334
1373
792
-1753
40
-1675
-628
-1208
-1611
-809
63
-1479
0
863
1846
1105
-2027
1954
1669
-469
736
1258
-1319
-1000
978
1830
-360
-288
1201
-1481
1063
-1294
1356
-537
426
-612
365
66
1705
-70
868
-1155
50
313
1477
230
-1085
1269
670
1675
1388
79
-1353
-1879
-1590
-524
-1235
-875
-20
-187
1025
-369
-1014
979
-539
-70
1804
-1450
-1613
1510
943
-1397
50
-1409
1379
902
1129
502
-1622
1479
1774
362
10
-880
1222
914
-1682
1501
-2006
-1362
744
1190
-611
-1859
-825
1150
-1052
916
-1547
593
-1753
1558
120
-1654
957
-998
-183
270
301
611
-1562
-88
402
58
1611
-1279
542
-1062
1428
247
1275
1882
-1104
1663
263
-133
1723
914
2006
398
612
-91
-886
-1451
-88
-502
424
-1335
1416
1460
192
-849
-1255
-1069
-1545
-1009
1846
1167
1556
1840
-360
-1624
408
649
1108
507
764
-1552
-590
464
-1295
1177
1347
1778
-1872
-662
1574
99
-1771
-830
905
-814
708
-636
-755
1901
-536
662
-917
1661
466
-418
1234
-1257
-210
-1635
-1941
-642
-1818
811
1105
-608
-1414
-506
-55
-1287
1523
-269
1706
882
32
1907
997
1197
-694
1849
-974
1795
-747
-1629
1430
1501
-48
174
1071
1199
-1107
-1296
115
-999
1110
-591
1969
1673
861
-1795
771
0
-1076
1746
-721
-2023
-144
784
-1040
522
-1969
1366
-736
-1534
1159
661
1036
793
-173
1917
-100
-598
-698
-1694
-654
276
-356
1762
-1327
190
1453
-510
-160
-144
-973
-1857
-1421
180
-606
-513
1839
921
-1725
9
-2024
-460
-1486
-519
1582
-661
-13
-1612
-884
-1930
-533
-58
1112
880
1064
-1378
526
-1905
20
1657
24
-1223
-199
1962
-127
1198
-1320
98
747
1407
-379
-83
1151
847
-1957
-279
760
1631
-742
-193
-385
1610
1737
1137
-1638
346
39
1692
-326
1517
-1186
35
1737
356
-385
-1689
-1747
1010
-975
-99
-1636
1240
-1305
70
1130
-402
-1744
-349
1406
1372
-1667
1182
634
-1365
-1065
-844
-873
951
2028
-495
-1402
-6
1522
148
1761
-109
177
-1534
-1138
-1425
1867
457
-400
817
292
1290
15
-632
571
-4
-1938
-1253
-1373
-417
-1394
-303
1852
84
813
414
1665
-752
779
107
-155
-1849
295
1648
1296
-163
-632
913
-564
321
-1836
-1522
-146
-1063
332
-1282
-18
744
388
1309
1119
-877
-1716
1345
1261
-741
1334
987
-2020
-992
1361
1829
986
-1914
-196
-697
-276
-861
1089
-553
-1842
24
-26
-418
-1310
184
-215
271
269
2038
-732
330
1118
-421
-687
-696
-485
-1463
2043
-1937
1437
942
-1725
-593
1952
511
-237
1383
285
1482
-337
-461
1135
-1121
1536
1037
-1267
353
-1708
-663
583
978
-1605
335
-619
1381
-827
1642
1197
-998
-1595
1541
34
-100
-721
-1363
675
-705
-387
-572
-1639
792
261
931
-1196
-35
1077
379
1388
181
929
1166
-1624
704
850
-460
963
-1683
208
1021
-294
1863
-693
-113
-914
683
337
1384
-1043
-1114
1694
1622
-809
1178
70
-1362
531
-1252
1483
757
-1806
-1469
403
1393
532
-988
-238
-1072
1796
-1101
298
144
650
1160
1345
1949
-396
-1515
845
-1702
1316
-1163
1913
951
357
1449
-580
209
722
348
963
-446
-1674
1469
462
-795
1756
1526
1710
-943
-195
-1400
-112
379
239
1037
-39
1028
1242
242
-1618
-1650
1559
-1208
865
652
-1179
109
626
-2020
-1874
-31
84
1557
-1208
-1389
-1630
-1764
-215
-1959
1021
951
1950
1222
832
-1447
503
257
561
324
1143
977
-158
1084
-1998
-619
-1403
-1264
2044
342
-1339
-1387
-1216
160
622
-608
-348
844
127
-722
-1661
248
-920
-1189
-1485
-677
1163
132
-49
1291
999
1552
975
1064
-188
1603
502
-976
1637
1164
-1807
-1371
462
-561
-1494
-557
312
-1026
-1225
299
-1144
1178
1872
1706
-915
1375
-1206
-331
-1980
-349
610
-1068
-1391
1749
1686
-1061
-107
-349
659
-1080
1381
-1811
6
2012
-773
1627
-1913
1382
-110
-61
-1123
-106
-1793
1730
-1950
-802
805
69
1288
-427
-1214
-2022
-1309
1652
1329
-1742
-1742
179
-641
503
-685
-153
1591
-2016
-1376
343
1908
-1193
-1931
-881
1936
630
-1821
1950
-1071
-1428
1625
1812
-570
-1445
740
68
-534
-880
-199
-242
2002
1903
-973
2030
-1903
-498
1305
-1036
872
-1103
-733
-74
-584
-1576
1678
814
1540
-1002
1536
904
1809
-1733
69
-902
786
1345
-733
-1378
-90
-1162
1426
-973
1773
1049
-33
-1611
-444
-692
2035
-1103
-290
-1473
-369
-158
-1794
-1920
1396
1903
1523
1673
-1175
572
-1662
827
1545
-1207
-273
-1674
1105
-1793
-1431
1911
-34
1144
755
-665
-87
1167
1399
-1471
-1397
441
-687
-1285
1005
1045
-1329
-1296
-1724
-1742
-995
313
624
-1323
-1791
609
1010
-930
-559
-1601
-805
23
-468
-1518
1860
493
973
192
-587
259
-1545
796
928
-629
470
-1750
-1058
-938
-1928
1357
785
-624
626
1145
230
15
-485
-513
-473
1712
-1975
1721
-1427
289
-910
1779
1973
1435
1117
-437
-427
1269
2027
-711
1954
-391
-1699
1954
-1530
1262
1676
-56
-895
609
933
1299
1154
990
-122
-439
-980
726
-386
607
-1140
-667
962
-95
-1188
-1268
-512
-938
906
1850
1906
-1908
1047
1841
1570
1109
672
-895
1135
-1526
808
445
1690
1987
-396
-1314
-613
-36
1130
-387
942
881
1288
-1615
-1229
1748
1567
-1093
1025
-1300
-1907
789
-2036
815
-1240
327
-1207
-1086
1530
1774
1985
-316
1062
1393
-1552
1214
-304
-47
-545
1844
1962
-18
-1610
-1778
-631
480
-553
1045
303
680
-209
1859
-711
-1103
-1000
-789
-234
159
-1986
-903
-1040
238
2033
1836
1940
-1395
-137
-1241
33
1832
1657
1081
-874
-1647
-898
-482
-1795
-926
1616
1832
1652
-47
-1721
-174
417
-94
1129
-1378
-563
1790
1099
-1371
-155
894
-1610
-384
-1008
1231
1981
1171
740
646
-1597
1454
-1234
-666
-624
-794
1059
-602
-1459
-1124
-995
-1114
-1918
1332
393
-912
-1096
-1582
-941
1924
-1510
895
-1577
1895
-1401
1398
558
579
-629
-1898
-1789
1074
430
-833
-1955
141
-120
633
19
-1106
1524
-965
14
-1382
-1264
708
-28
519
542
1071
587
-1487
796
218
-306
-1851
-983
1491
-2031
-347
342
40
337
672
-1179
117
356
-319
413
581
-597
389
1925
1688
885
151
664
-756
590
1606
-1881
780
1408
-172
810
-871
1889
-1422
41
1499
1225
1772
1239
-1723
797
-1035
681
325
1903
-554
-1248
-1658
-1764
709
-1345
-369
1595
1161
-66
1989
-866
-1932
-838
727
1366
805
1002
1069
-575
-1632
859
-1063
1016
-811
1655
-1458
-1631
-1671
-652
-891
-1275
314
1775
710
1380
-238
1123
436
651
979
-618
-1815
-945
1213
943
1705
1618
309
94
-983
-1889
326
-1699
401
310
-1460
-802
1440
-129
803
1879
-21
1923
-639
-240
-1677
2008
1432
-566
-1302
-1968
1492
-720
-1002
1042
1989
1605
-1089
-612
2027
96
931
1729
-593
-2034
2009
921
1279
607
-752
-1451
797
-740
-746
-327
-1074
-2029
-706
919
-1896
65
1484
-1874
-149
273
1573
1867
535
-990
-781
-906
-1005
1056
2003
-1398
-26
791
-1529
-1728
476
147
1368
1574
-1737
-2011
-762
1089
-665
-859
1460
1296
209
174
582
398
1640
-1860
-1878
1416
-1112
1868
1607
-1083
-950
-88
1916
1366
330
1904
362
699
-1913
-1084
-1608
239
-409
-1532
924
-1749
-212
-1781
1464
-634
283
-1290
2046
-1760
1317
-988
1373
1545
1876
-64
-1943
1932
1165
1620
1657
805
1796
1745
-1819
-340
1755
-399
-173
1557
-1959
2031
806
1871
-742
1694
-259
-381
-1578
-636
-1564
-1722
-527
1845
441
829
1647
-300
-999
-1417
443
1633
312
1530
1416
829
80
1315
1149
1236
-1845
-1550
-802
1612
-51
-770
1478
1881
1413
1383
-920
1231
-1628
-1238
-366
1371
-1435
1602
-973
-1330
1480
-1725
1287
1118
55
367
1047
-1410
18
830
1601
-1946
-1615
1350
1396
1056
798
-1964
-535
324
818
1765
-312
1751
-1227
690
975
-782
1719
618
317
600
-1780
-427
1922
1713
-1137
1576
60
417
-878
1683
445
-1207
-1526
208
714
1690
-111
725
971
-1532
-1232
-1412
-264
-349
-1970
-1524
-785
-1331
-952
177
1827
-2038
-1004
1328
-611
283
-412
-673
333
133
-1609
-1860
192
990
-1583
178
52
1169
1015
-791
732
591
-642
1523
1668
1977
1001
-743
-213
-582
594
-1209
-1051
-551
-1220
1531
-1380
50
-1420
1109
-1039
-694
-401
-1333
1237
-1978
1136
4
1844
517
-239
-1712
1825
381
-1417
-1805
-501
-1609
-563
1280
-1729
509
1363
-1783
-668
171
-897
248
1057
1253
-1136
2021
1425
2005
-2002
216
-1337
-1590
1101
-948
761
-1122
760
-1875
191
249
1599
-1950
169
945
1525
941
1756
-810
-1419
-1787
-778
972
765
-1525
1460
-3
-1252
-11
2029
1371
-409
-640
-491
116
1594
252
987
550
-1868
1281
1903
1986
-931
-1537
-105
2001
46
-186
1082
2037
786
-520
730
-914
636
1072
1069
-620
907
-1288
1163
-1066
1553
-685
-896
1670
-766
767
737
1558
931
-714
-494
1526
792
-39
1418
1731
1919
-595
387
-756
65
-1582
447
-727
740
-750
324
162
1008
-1676
-1985
-640
1327
616
-1661
1017
1243
-982
1340
782
1301
133
1556
70
-225
972
-1453
-1220
443
10
1631
313
1605
-1746
-1477
383
959
-1938
-242
-393
869
-1666
-352
1122
1597
-38
465
-1539
1787
1723
-54
-1197
-72
-1512
784
-1156
1761
775
1595
1393
752
-442
1394
155
28
-296
-435
-1699
-65
-1114
887
-1482
1182
569
1436
-559
-1085
1337
-284
-395
-762
-1806
-1391
846
-1254
-918
-465
2036
1587
-1657
1451
1708
246
641
-32
-1594
752
-176
1254
1167
50
-1730
-1073
91
-1691
-161
234
1500
962
-1503
-1437
1923
1166
104
1093
-741
1838
-800
-1606
-719
434
-619
-884
-840
1767
1190
-1856
-1725
419
-960
-669
-427
147
-939
55
575
1547
-847
-628
747
-1201
-1631
441
1791
675
-581
1482
1008
-43
-197
1171
1338
-1451
-1200
-1581
-667
-1885
1496
-1877
1299
75
4
773
-1845
507
1068
1845
398
1287
385
1353
287
496
-561
-1648
1528
1857
-24
1450
1976
66
283
-575
-1982
220
34
-1277
525
1604
-1026
306
-1992
1968
-1749
130
-1925
-341
-88
-1749
-1074
-1447
-968
576
-534
-703
-1212
322
53
223
-25
-1121
-1920
1690
1410
2009
2046
-1683
1608
-85
790
-72
-711
106
-482
-1838
1515
886
-44
-639
-1849
970
1492
1809
-571
596
894
-941
-880
1649
-78
-32
-998
1030
500
1889
81
-869
-1198
-273
80
-793
873
-2013
-1169
1113
-463
90
-74
-20
-1360
1411
38
-592
1884
-798
1324
-1354
1117
-1213
-566
-1928
-2009
-1505
978
885
1783
255
454
82
-1625
1704
1168
219
-1030
-1678
-60
-373
1873
-1484
1698
980
-1585
351
-1907
-1589
1648
383
-1275
-1186
1739
1708
-2042
-1051
638
-407
727
-1497
-753
-193
516
1395
1666
946
-1862
1594
1851
2003
1562
1914
-1186
1264
-769
-1385
-425
735
595
-1304
755
576
-787
661
88
-199
-810
-500
-1949
-2046
-806
1915
2014
-306
-886
9
-756
-1417
-703
1987
-840
1344
-1891
556
-1373
1377
704
121
1367
1652
1789
1839
544
1926
-1767
115
342
-760
462
-1927
-82
539
-1796
-626
1216
192
-1099
-1733
-1163
1071
-1804
959
-909
1262
-1242
-103
-149
-1531
279
1591
842
1716
1194
-1109
-1524
-1971
-1589
-1451
