811
56
-388
-1657
-11
-1772
-1051
1081
-2038
252
-1529
-732
-2035
1313
1416
1925
-630
-1205
973
166
-900
-908
156
-423
-1122
-1624
797
1994
-117
490
16
-675
-1915
-967
-1246
115
731
1142
1383
-1959
1523
1638
738
-791
-1599
-667
-779
-986
1711
-1030
962
-1140
11
-1488
-899
534
1165
1422
1622
1013
-683
-1603
-935
1231
-275
1178
1466
393
-870
1280
761
-369
-1641
-315
341
877
104
-1235
-1304
-1823
1051
-1861
1286
-1534
-1176
-1757
-1244
1484
408
-1925
-50
-1604
1361
1152
-1523
-1424
-1816
1790
213
-1160
1129
526
670
758
1348
-1683
763
570
851
-113
1076
-2008
-143
-1636
-316
-414
-1179
-1775
1197
-452
1829
1567
-1361
1594
-1185
426
-759
1342
1305
449
535
-990
672
1963
-1939
725
-673
-1445
-1419
-1550
-1847
-975
-604
-650
-1479
-214
-256
-1536
-1613
1581
-1271
265
1892
-353
-1306
1397
-503
-1801
-808
1294
1490
899
-1589
38
-2007
1560
1537
-996
-60
-1621
1749
-1591
-643
714
866
1231
1377
504
546
-857
1105
-1879
360
1099
-1586
-525
1178
449
-490
-1547
-974
505
-1913
-1368
-1454
610
1530
325
529
-803
-1186
794
-1218
-233
-989
1189
146
581
-1850
537
-1423
1053
1311
1042
982
-512
661
-1157
951
847
1535
-1146
122
-1053
-694
1228
-81
-1174
1199
86
-41
732
1944
1419
1595
1224
1246
541
1725
365
-1380
1697
1928
-1113
-1717
1789
-343
904
-1468
-1672
864
-85
376
-1183
-1717
-1547
-419
-417
1795
260
-1038
-737
1692
-1272
-1044
639
-1686
743
1229
-1504
1376
1256
1796
-728
-530
-1157
-1836
-1433
1532
-1732
1305
1163
1399
-1736
1252
-629
2012
-1496
1953
511
1550
1469
-1538
930
-1728
239
1866
-614
212
-492
-638
-1622
355
1508
1930
-1725
-391
-1971
-487
313
-698
461
-1368
828
-1505
-332
1249
-1061
1701
187
-474
-2020
683
-1960
-1238
414
-608
-424
1977
-994
-1393
1798
-897
-1204
-867
918
-1381
1033
-537
714
-695
2008
-321
-538
-708
1391
1839
-1352
-575
1400
192
1978
1940
1625
-1451
838
352
1529
1077
-1370
444
1139
-477
-1510
705
1703
-690
700
-1277
-1122
-944
1819
-1045
919
755
-1135
367
1004
-52
819
-1271
-412
-1673
-389
454
-214
-1634
-954
-1114
80
-125
-1427
2012
-602
1051
-329
-960
-11
1447
-736
1916
662
-855
-924
-1958
570
-1984
1475
1441
-33
-1078
-1801
-265
-283
960
-1767
-1483
311
957
956
-626
110
-1129
-279
555
-292
-635
1767
1884
1907
-1202
273
-1495
-105
-952
1080
326
-1671
-1466
995
-1674
590
-192
1824
-1536
795
-1593
-7
1406
1778
-1526
1110
1731
1492
1420
1406
1469
-285
-1182
-303
-900
-1789
-311
239
6
-834
-1443
-1484
-709
1652
-1668
-1734
1359
-1107
516
694
584
-1413
1111
-176
1773
1550
877
629
-1394
-204
787
1855
-973
937
1589
-981
1386
-1148
789
672
130
1836
-136
861
528
-688
673
1142
484
835
1834
-1521
-1228
1855
634
1686
2027
-256
1019
-1100
1855
-1554
-1563
-1944
-1240
448
1412
-563
1270
116
1307
-236
1258
-372
1284
-571
-898
-1904
1611
-193
-89
1734
1155
1111
-812
-509
221
-2026
-114
-905
1118
1635
-565
404
1857
2002
-1082
-1063
1868
-1242
-416
867
818
448
-12
1147
-813
-25
1926
-1868
86
-617
-433
-1590
-1505
291
-1166
1318
347
-1960
-1527
748
-1694
279
-1744
-141
1922
-363
568
578
1931
957
-809
-1681
1180
-2001
1335
-983
-1914
-1983
1038
937
-149
-655
1117
1339
-1595
2004
-241
1124
640
-588
56
26
-1174
534
1542
-1539
-627
-159
1333
630
1980
-325
-1270
195
269
357
184
-1607
293
-825
70
1107
-891
1574
1688
1783
-383
1836
-1311
1092
1796
-48
-220
-1413
-515
1761
-1531
1116
-1461
1557
1397
1673
1624
-1448
-1385
38
-2012
-638
-421
471
-360
-1431
-198
-1531
615
-2044
-113
308
1049
1220
1231
-605
-687
1811
-142
199
1853
950
-1177
-528
1082
1857
1332
1205
1620
-1174
-1131
1642
-1813
-735
362
-1738
-228
1166
69
2044
1323
-1104
1802
-1526
-359
-880
-767
-1749
1780
-966
-781
-1662
1903
778
-1907
447
-276
-104
-70
-299
1702
-798
1037
-1544
-1696
235
-997
1019
-300
1180
1696
1270
-1613
453
-1620
-1293
444
89
1351
-295
53
1978
-487
612
111
1291
-157
1549
628
882
203
481
-1598
-183
1926
-1983
-534
-1765
1790
1375
-196
-1680
214
-1383
-725
585
69
75
-1910
1865
-1868
1407
1921
357
-1152
-9
-710
-218
1264
-1077
765
-418
-964
1401
-751
-1978
-392
1358
224
1254
-1894
-238
-336
1752
71
1273
-877
-984
1920
-1833
-837
-669
771
576
1270
-54
1892
-776
-1687
-1159
-812
-489
-1988
645
1373
-1184
132
528
-566
-1214
-1527
538
-822
196
-24
1325
170
551
-969
1203
1860
1326
-434
762
-1997
-2031
479
1987
1329
-1555
-1869
-1948
186
455
1261
-1973
1679
-271
-502
-1273
-415
-1598
1553
-888
-936
1965
378
180
-117
414
-208
1839
-1472
1881
-1281
-949
-1044
1840
53
-1027
240
-867
-402
2040
2029
1249
-407
-596
-1870
1200
261
1298
1174
1419
-481
-632
1139
-503
1372
-1741
970
972
-282
1093
1377
572
1474
218
-1771
-834
541
-928
1744
-112
1292
-114
-308
-481
1031
1497
-1368
-1591
-542
1347
1976
2035
-197
-1151
-462
-1397
-1948
354
1313
-1643
651
390
-151
-1764
-430
-1256
-1723
539
366
1448
-1363
399
1443
1832
-443
-922
1720
-1872
-1823
887
-1661
828
-1649
-421
481
-1696
1545
-17
-1606
-387
927
963
1701
-1806
-1964
-229
-1889
1981
-948
-887
1831
221
-131
1320
-160
-1774
863
1617
115
553
1228
-339
199
-1859
-564
-1613
380
1564
860
-908
621
1968
-218
674
1156
-1940
226
1734
1111
1387
-81
-881
763
712
-281
41
-244
319
1726
-1613
-1087
503
-921
-145
19
280
419
-512
993
-963
-15
-1706
-785
1450
-275
1380
-1592
324
549
394
1134
1045
1574
-628
709
-1150
176
-1247
1683
-784
1043
-1276
-1228
-1297
425
104
-1339
-1850
827
474
214
328
-144
-1449
-893
525
-1787
-1613
-41
1976
1259
-205
1679
1160
-216
1328
-1516
1511
585
221
1151
-1521
424
1268
239
651
537
618
690
-820
-1744
-531
-1651
1367
1769
-713
1232
1781
-1583
-1243
877
619
-1716
-660
-1369
2029
-428
767
-1635
1832
-442
-523
-1162
1735
2012
2025
1573
121
-447
-1054
-69
-1453
-1522
-912
34
648
1110
-1732
351
-386
-1140
707
-1003
-1556
-480
1861
-1447
-184
774
-53
1732
-456
988
58
-1608
258
-1881
-1672
660
-501
299
-1951
1841
-489
988
-1873
-215
-890
1554
-342
-751
563
-570
1679
926
-2000
-1909
1205
139
-1294
-43
-712
806
847
-400
1603
167
1497
1804
992
1030
1465
2032
-2024
877
1010
923
-375
279
-1
607
1606
-1628
-1370
-794
-1800
-589
-2024
-1164
-1522
229
-1503
514
1340
1025
1914
-765
-276
-954
295
-330
1437
1494
686
-1747
-163
-1215
1624
-836
-1554
2010
562
-282
223
1843
-298
-1626
-1959
-195
1261
-248
1919
-185
-1437
-1776
-1627
-1593
1034
-1599
-1846
-1361
-771
-1196
216
-1937
57
-901
1573
-1669
-554
162
1628
1096
103
-1998
1722
-1084
962
149
-379
1532
-1556
-1988
-1878
1868
1825
-468
900
1936
-1508
376
440
921
291
51
-1300
-1857
-1708
513
1931
1127
140
1583
-402
-601
-147
-1736
1831
-1369
-1048
416
65
0
427
68
1020
983
-1756
-1086
718
-1360
526
-1244
1623
-28
674
-71
-1053
1995
-2017
-1551
328
1365
447
310
-1213
-1753
-1250
717
2034
-1001
1714
1919
-828
799
1462
-986
-1445
1663
1535
1260
-577
536
-1257
-165
389
256
824
729
-517
553
1383
-1034
821
15
326
-1535
1040
357
1498
823
1261
1189
19
-184
-717
1155
-511
1054
1656
-225
-79
-762
97
1524
-1366
-31
-1053
-1915
222
164
-729
1906
-2005
-310
-301
-1445
-1257
1225
-603
-521
-2026
-616
-151
-820
-18
-31
1061
32
98
-1217
-899
839
1026
-238
-995
-229
-1014
-226
-1198
-96
1349
1467
1670
470
1280
-87
1723
890
1719
-1716
-1578
-1325
-63
374
-585
-1963
-1631
390
-726
58
36
1742
-1695
1489
-988
1361
1822
-374
-60
1949
629
-348
1371
-1062
2030
-626
-581
-1578
-459
-1098
1750
-1492
1805
-29
-31
582
-1362
-528
-1147
1358
-966
1248
-651
1514
647
-433
-1005
188
-1038
1266
-1234
916
54
1146
197
329
-155
94
200
-488
-1888
-1078
-1869
-883
-48
-1919
-1
-291
1315
-343
-403
-859
-699
-1162
1258
-1812
1333
139
558
123
-1815
-1481
2020
1114
-196
-460
354
115
-1377
288
-1845
-1472
-1794
-907
928
-125
-1496
-1297
-1105
-1802
-140
-661
1317
195
936
1567
-244
-1806
1551
1045
1711
-1680
-85
1245
853
-1551
1389
-397
-1331
1870
1667
-201
-1017
158
374
-523
-1893
922
1846
-32
525
-847
-265
1658
-1032
-1468
-1605
862
-61
-157
157
-1092
-1241
-593
1205
419
-461
-1418
889
1279
-1576
-273
-333
-1518
-1040
-112
723
-127
425
598
689
-1546
1349
-2026
-1143
1792
-2014
-1906
57
1398
1508
-658
1733
-767
-1539
1029
-300
-1295
-1034
-1608
1098
1600
1037
757
-779
-1871
1182
-1805
-1026
1745
375
1451
603
-706
-1526
656
-249
1150
1880
-1692
-544
-1534
-1353
897
85
1964
1524
-136
1697
85
614
163
-878
693
1848
-1757
-1846
285
-931
-1620
-1665
1949
708
-118
1419
1715
1806
1141
1233
1108
-167
89
-304
348
347
-1828
-1417
-696
-1615
1721
1551
-486
-1768
1233
-1475
-385
-1830
-1853
1756
-9
786
292
1283
-1255
2028
335
1194
962
1183
-385
-1715
832
-694
-417
1059
1597
1643
755
1845
-1904
1827
-1091
2014
1194
-1824
-3
1022
-1831
1445
572
-1897
-30
477
-1839
1244
1902
-1435
855
178
-1597
-1013
325
-1704
-799
1362
-1740
870
1314
-155
-749
-761
1283
1826
799
1826
41
-1180
1922
-1841
924
277
1680
-1147
276
-1409
-1115
-1157
1874
-1478
-911
684
-650
1829
1231
471
811
533
748
1555
983
-1493
-66
1589
1635
-1830
-1088
-320
-31
-1391
1005
-162
-1336
1237
-303
-1808
211
1758
-611
1772
368
-621
-1698
-1221
-1391
-42
8
-201
1531
1069
380
-1764
-1799
-881
-1978
123
41
328
1575
-1813
-565
30
-1941
1445
-1042
76
930
1354
240
-1895
826
106
-16
50
1109
518
-1227
-123
60
-805
-1400
430
1570
-934
873
971
61
-918
-753
-1324
-991
-340
1548
1293
-1464
97
-573
-2018
1221
-62
-183
-1944
-1784
-1080
2040
757
-883
1364
-146
-342
163
1196
733
1445
1272
544
484
1031
1281
-778
1672
1198
-2014
1884
-384
297
-1920
-1397
1944
1438
141
429
-694
1459
-1265
1786
307
-1197
-603
-1671
1210
1090
469
-356
1394
-99
-912
-330
-1427
1998
-204
1785
-946
623
-806
-2002
-475
-1400
814
1243
-1821
1641
-1180
-485
1899
1556
-923
-1630
-703
724
1848
-1963
-634
1371
341
19
1172
785
-824
1995
464
-101
-1481
176
-1074
-1150
-846
916
1195
1281
793
1366
169
-1075
1861
326
-835
1220
-350
1137
-190
1703
1115
222
-1882
1158
264
-1147
1518
1794
-100
1034
817
329
-1096
308
1975
-1366
321
-1817
501
452
297
1722
1307
-1458
-1204
32
1612
553
-1691
202
852
1804
785
1695
-1825
351
-324
-33
-1521
1380
-162
-1396
1916
1960
-1240
4
-130
-633
733
959
-626
-320
-530
-2035
-1277
-1745
-1251
1992
-316
851
464
42
1559
1761
-1064
306
-923
-2033
-1120
-2025
981
-1369
-303
596
-786
494
-1729
1149
1734
1041
11
-1128
-466
1581
-1765
-1014
-701
490
-388
-745
-1582
381
529
-1101
-986
-1250
-1760
-1086
1112
192
970
-1376
16
1326
145
485
-374
823
1910
1380
-768
32
1287
813
316
-489
-1783
-1859
1119
-70
-1858
-1014
-1099
-1652
214
929
-1643
-1459
-304
1159
-948
-204
1469
-1808
-801
1248
-366
-340
-1110
525
-104
-1957
1227
1244
837
-2018
594
1990
568
1769
-511
-246
77
1881
186
-1144
-1832
-289
-1669
-998
454
-935
438
553
-1573
-256
321
-1381
406
-890
-145
2017
-1241
353
-1133
1613
-1809
584
688
-167
-301
412
1120
-765
1583
2033
1213
-1491
74
-1425
1385
-1845
-168
1552
-1145
751
-1560
713
1177
1965
-1858
-700
-1969
145
-1292
611
243
-1833
-1955
876
200
-1234
1568
1439
1504
1798
-645
-917
-1366
-1446
117
-1800
-777
-1863
1225
1572
400
1246
-1898
969
1569
-657
247
40
-124
-1566
-368
-1367
-431
171
-90
1683
-70
-1167
1045
254
-900
-1480
729
-1905
1007
664
-738
577
-721
988
1757
537
1052
1238
-1799
-1410
1141
-860
-880
363
158
768
-1064
1622
-440
356
19
-99
-303
-1637
199
647
1352
739
1040
1241
-2023
-1374
-1008
698
-2017
327
-1719
3
861
-1851
1544
2017
1293
1294
-1375
-1614
249
-1014
1640
-513
1075
-657
1444
-1355
261
2022
2033
-1715
-2044
-991
1912
-511
-973
-1329
-866
-1298
-944
1698
1584
1545
1780
-231
-1493
1274
-1087
1263
-354
-622
1851
1405
1834
1544
941
1423
-368
-1060
1155
228
123
1050
-389
-203
897
1119
-1441
-1111
-224
-248
-948
1971
1465
-1559
1392
-427
1692
584
573
-1923
2001
-745
734
-51
966
-439
-2032
-1940
701
-411
-1504
1762
1000
267
-986
805
1580
-1139
-1717
1376
-908
1624
1558
1495
1398
103
-1072
1150
-1261
1872
-101
-1692
-1825
828
931
-1332
1581
364
-1045
503
-1200
1138
-804
896
1512
-783
1425
-976
-873
-1590
942
-170
-642
-1321
-1351
-120
-10
-792
1271
1705
-745
538
-58
-432
-205
1391
285
1335
1047
1159
146
-1266
-1508
1662
-1684
1826
-1069
737
2031
-1206
-1426
1932
-40
-118
678
-1904
1453
-46
1075
211
326
114
-93
1707
-1268
-1434
-1378
785
556
-960
1662
1677
1431
-1830
301
718
1450
-1923
1050
-1095
137
-603
372
-254
1816
-1492
-1184
-708
1144
-541
-724
-1233
-513
891
-1388
-368
-617
-830
1211
1263
1148
-1291
294
-41
73
-925
-1464
-772
-2005
1027
-539
-626
1097
-981
-1779
-1153
-678
276
-614
1967
-489
-896
-1719
-2038
-810
1781
552
-1966
-273
-4
-1911
-815
1033
-1579
-1513
408
818
523
-415
-656
-94
-1150
115
-1216
1845
-1280
1439
-1775
-1910
838
-685
1894
-1407
-1657
490
7
-1172
1817
-370
1787
-1668
-1626
-1589
1252
669
-441
281
1389
1436
272
-729
232
-1412
1406
691
1001
1013
-1790
57
1010
-2007
-912
1032
-1027
-1489
-656
749
2016
-1328
1194
846
417
510
-1591
-859
-170
-178
-1507
1861
-812
-1263
-1273
1146
2036
-436
-809
691
623
841
-184
-522
-2023
-828
1122
-1979
1192
-615
-1329
541
-36
1789
1138
1758
720
-226
-1430
-752
1463
-512
-1263
1652
162
-1326
-1189
2039
1653
-168
40
-722
-783
914
165
1923
158
-136
-350
1294
-50
-845
-562
1724
848
-411
-309
-1510
-2017
211
-249
1622
-1894
-285
-1465
-1851
156
1888
1750
-1939
796
-2031
350
1272
1102
80
-1755
175
1879
-1681
-1578
379
-1431
-403
-1100
263
-2002
-1701
-239
-69
410
-2046
1048
-1377
-271
1529
-1074
22
737
1538
-1248
-1188
1772
148
1327
-1379
945
-1633
-630
-44
1098
-1188
-176
-2012
-101
54
605
427
-406
419
813
1000
350
-544
-365
-1441
1452
657
-482
-614
885
1587
-466
637
-833
1585
664
954
0
-1098
-1324
1380
-722
1284
654
-352
-2005
-640
1990
333
-104
-1545
-1256
943
-1278
-1144
-1185
-1051
-208
1732
-1639
-1732
953
-1742
-550
837
180
740
610
677
1886
1644
1465
875
1252
-832
185
-746
-1543
1840
-1660
-2039
-424
1394
-1975
1148
795
366
-287
725
709
-257
8
-1742
-1544
-1675
-174
-423
-53
1234
-353
-560
188
1211
-1485
1286
-1266
1766
31
1451
1932
-1227
-963
1257
1496
-213
-695
-1110
-310
-277
1144
1961
-972
-1676
-987
-1671
210
562
-352
1806
1866
1491
553
1869
-1211
1075
-1307
1515
-1168
-659
-68
-1003
-108
-1040
-1221
1403
-1692
408
-727
1518
806
-1618
-511
-203
-1234
-599
266
847
1749
1763
-473
-1281
1107
748
-2007
1123
-542
-889
183
-1562
-629
1863
1712
-767
-940
1988
2010
-710
966
-469
-1277
-272
1234
1348
841
534
726
1008
-1594
1215
-529
-1348
1571
-1687
849
973
-1143
1267
1733
1793
-1459
1105
1035
7
973
1449
823
155
-1762
-749
1775
1204
-1668
-1868
1901
-1374
417
1100
-1717
-786
-1851
-2025
-1304
-2006
1070
-1331
-122
599
1668
-1271
-1308
1553
-1157
-87
-938
-193
-758
-1197
1104
845
-1263
-1296
-1194
-1276
-1472
805
-740
-116
-1202
-854
1806
-1780
1892
-1180
1261
-1956
-1351
-1955
639
534
544
592
1386
-829
-811
1268
-519
18
-252
700
-1586
-194
-413
-1745
-127
1092
-633
922
1532
-466
1802
-943
1698
3
1389
-2046
1300
-1344
135
893
933
1990
1446
1953
1873
1592
-1239
855
-1478
-1865
-886
1973
1916
-573
2009
-480
1934
-1887
402
-948
-69
-882
-103
1598
1008
-1947
-1904
-1522
1484
-897
67
-684
1963
209
1581
122
1743
-706
1787
1928
-1138
489
-498
1166
-1450
-1608
-36
-1138
-846
-863
558
980
1272
1038
804
1735
-1064
-254
-1054
2024
619
0
2023
-467
25
-1332
1557
632
-290
943
1039
853
1307
-388
303
-1633
2024
1777
476
1588
-859
-1848
-1999
-836
-795
-1801
735
-1260
-1112
-383
-152
-1596
1699
1130
-1968
-748
-1335
-1285
1161
-1306
-332
-1514
-1826
1311
575
710
-1991
1213
-528
-1590
-1033
-690
-1733
252
-1802
-790
-1369
480
622
-1890
162
1747
1934
261
-495
-733
1190
1862
352
1486
-772
1577
-1714
1799
-488
-159
1537
-969
-1640
-1835
448
-372
-429
508
2005
-996
1507
1325
-789
-176
1905
1208
1916
1213
-848
-24
935
-1719
508
1979
-1821
1641
1703
1884
1256
-310
-466
37
-1374
-1855
-149
1347
-41
267
-1347
-283
239
-1174
-1037
-1855
-671
794
-1785
-1006
-1057
-1716
-1399
228
325
-1223
1714
-353
278
1561
1047
-74
-1400
-1359
1220
-1901
266
-407
1780
-640
-1202
1045
1041
-101
-116
538
792
1206
55
2043
-195
-1500
2009
342
-60
-451
-217
18
-1524
-1842
1056
984
665
1550
1382
181
-447
1119
94
707
40
118
-669
-1799
-557
-2006
195
-812
-544
1941
930
-1778
675
195
892
-756
-649
-1674
871
1838
922
1884
1522
-1070
-1589
-399
652
-1295
1847
351
1391
625
-739
37
1266
1783
-1134
-879
832
-1757
-1835
-1849
-169
-1727
-1083
-98
1087
1887
1693
730
395
-1623
-1321
1818
973
-296
-1268
384
60
-238
-1021
1780
577
-1885
403
-1782
1538
735
124
-1974
1728
-763
-1519
14
1029
-1304
669
-1103
-879
-612
-94
255
-1548
464
1669
-2037
968
-1548
268
1040
-643
1515
-2002
-610
-629
1677
633
-1625
-1738
1649
-289
1467
-1133
-410
181
-731
-1301
1842
-466
1745
-1203
1741
-556
-1989
-1693
702
-940
1246
1097
-556
-187
-362
-1643
751
1534
1637
559
-1278
1381
-1527
-1203
2033
1942
1486
530
-1375
1138
-225
1337
1458
997
1837
-1211
-1189
1771
551
-1923
-60
58
-1400
-1142
1625
373
1190
909
-1111
-515
631
-308
-1580
24
828
-849
416
-1625
1879
-1481
-518
1276
-1028
-1101
976
1845
-313
696
-914
147
1324
-1205
1004
1045
-89
1808
532
-1236
-886
-1609
-191
1628
-1393
1320
871
2041
1756
227
-1732
412
-346
764
-1240
-1642
-2017
-497
-936
-1782
752
735
-1148
-41
-1038
180
-1655
1815
-1003
-1217
-1599
1848
1695
-1767
-511
665
1657
-1594
-971
413
1665
-488
1915
-1744
-774
-1538
714
131
-561
652
-274
1851
986
1884
486
-1873
-797
518
416
1356
94
701
1986
1854
1272
-763
206
734
1188
843
1079
66
-1199
-875
-97
1698
-2033
-1313
-1289
-355
1212
1388
1941
-976
1030
1479
-1998
-645
437
619
-1153
1818
-693
-495
-72
804
707
-373
174
917
394
-1504
-382
1356
-661
1606
1753
-930
401
-295
1700
-322
-1665
-1934
1590
-458
-50
-725
-572
-375
-281
-398
-985
195
-1198
774
1503
-1889
-1061
1022
-446
-798
-192
1998
-1873
-49
-1150
1598
-1052
-1956
-342
-970
-698
333
1289
604
1549
-225
1243
1404
84
-1648
-1230
-1141
1500
478
546
-956
1711
-1371
1078
116
-1719
541
-788
1697
613
-1021
580
-2001
-404
945
-145
1488
559
-1090
1090
-395
1339
-1098
-1607
-209
866
-1748
1821
1923
-90
1247
34
-1858
-439
253
-128
834
-2017
351
-434
267
1248
715
1006
2018
1699
530
1649
-1381
-980
-2039
-146
-1023
-965
-1221
1335
667
1982
1126
1142
-2025
-834
-362
493
-1224
-10
1978
-1924
1918
-194
759
826
306
-1432
-1733
-66
214
-835
327
58
1294
-787
1072
438
-569
1379
-277
1548
-107
772
-458
-561
-1453
1057
-602
-1579
-1586
-586
-330
-1895
901
-1855
-1806
-227
111
1480
1
-1674
-611
95
-1866
-1340
-1341
-1896
454
174
-1642
1135
380
-1473
-804
1821
1266
-518
560
-2031
-1519
1882
-664
-80
-1776
-150
-1935
-1059
-372
114
1741
-1557
774
220
1899
54
-1831
-772
-1066
-710
1376
971
1971
-524
1695
1696
1953
-1595
484
1939
-1524
-642
1200
-318
321
-1090
-842
-1491
411
1125
1988
-1964
-1397
310
-1834
-1720
1440
361
-1336
-435
636
-1451
1568
-1042
629
-286
-1406
-404
783
-1030
-1858
-891
537
929
1724
118
617
-797
476
-1217
1062
-1456
213
488
-111
1323
542
262
-715
1821
-76
-493
639
-1965
-715
-1323
1445
1034
319
-1374
1976
403
1809
1388
-5
-1166
320
163
-191
-1325
647
420
-395
-1753
-595
-1545
1793
1492
-1723
-1799
67
-1543
105
-1248
-1863
13
1355
-1367
-486
413
1658
412
809
-1867
1002
-1727
-469
-226
-859
-346
1780
363
-1535
139
1954
1944
-1674
1616
-334
329
460
-1029
-626
-106
-818
-1219
-1395
588
-1492
1398
-1758
-1368
-821
-364
1880
328
-204
1198
-1142
-1640
-2006
-880
-1779
-1983
1111
1730
-229
-267
1552
-665
159
-1231
2026
1652
-12
534
-1187
679
1402
-185
-2024
-840
1041
-1904
-705
-1780
-1481
1165
321
434
-1319
-502
-1685
1705
1238
-1525
-529
1602
-1025
670
-1119
-583
642
1081
-3
-555
-521
1942
-1872
-1130
-367
-483
-1180
191
-1083
670
1759
-928
1307
-880
-1447
-244
570
-159
-1058
-1289
-1791
-973
745
-1112
-841
1950
2040
1374
1344
426
1540
-2036
-1731
-1612
1782
-594
491
1118
-20
-1966
-1008
1402
-457
-186
1114
-1115
544
1980
-1353
1989
79
165
764
1617
-324
1456
1642
-996
-466
-1653
1139
1230
-715
780
-504
-769
-638
1423
573
-625
150
-2031
-179
-1367
-835
-1209
1717
1010
1837
-1387
-81
32
-915
-92
-360
-1617
-1121
-822
1161
-301
1541
-517
1509
646
-157
-931
706
-1901
-1997
-940
-1972
661
1746
-1528
-550
5
108
1086
-800
-272
-382
413
-400
1938
-1484
-2030
1387
-1862
532
-1409
-1984
1702
-1140
-885
-1773
-1349
-875
-1926
1908
-641
1798
-254
612
335
-1508
1318
-621
-172
-1224
-26
-1795
1240
766
-1614
1441
-1278
1919
-1597
-407
-363
-1935
257
2037
-1513
-391
-853
1700
-30
-1417
-1427
1355
-425
-611
1561
1011
1025
-143
1222
343
1451
646
-702
-478
1089
1274
-1556
1232
-886
1417
-1085
-693
1677
581
685
-284
1721
454
-1313
1
-380
988
-1209
-493
1703
674
-746
1262
-1818
-1822
33
-1908
-1268
-318
-970
-38
-1658
-1615
-1236
-1043
-1269
-1949
979
546
930
-7
-1661
-904
-1842
-1239
63
-329
1203
-1973
409
-1097
640
-154
-1569
352
-1638
1282
473
-370
-1590
-1337
1267
413
1611
-1341
-101
-1343
-1633
1644
-530
-1833
2044
-459
-350
996
676
647
-1534
1030
-1643
-1176
-1789
-54
1512
-178
1108
-1819
688
-392
-137
-1466
1561
876
-116
1625
-1772
1471
-1497
127
1822
2032
955
-1896
-907
1388
471
-1117
1077
395
231
-1941
1234
1158
-1633
764
1130
-168
-555
-474
-1237
-1176
228
-615
1425
1799
-1189
-19
1179
-1116
1533
-1217
1443
1673
1056
874
-2033
-1692
